2 0.218359 0.809028 0.067969 0.129167
2 0.806250 0.807639 0.070312 0.129167
1 0.340625 0.570139 0.012500 0.026389
0 0.154297 0.558333 0.011719 0.027778
1 0.249609 0.578472 0.014844 0.031944
2 0.580469 0.579167 0.012500 0.030556
0 0.664453 0.570833 0.011719 0.027778
0 0.756641 0.577778 0.014844 0.030556
2 0.425391 0.579861 0.013281 0.031944
0 0.279687 0.556250 0.010937 0.023611
0 0.387500 0.547222 0.007812 0.019444
1 0.616406 0.547222 0.007812 0.019444
1 0.725000 0.555556 0.009375 0.022222
0 0.070312 0.554861 0.010937 0.023611
0 0.056250 0.547222 0.009375 0.019444
1 0.553906 0.538194 0.006250 0.018056
0 0.448828 0.538194 0.007031 0.018056
1 0.850391 0.555556 0.013281 0.030556
0 0.152734 0.531944 0.007031 0.016667
0 0.093750 0.538194 0.007812 0.018056
