2 0.164844 0.867361 0.084375 0.159722
2 0.872266 0.867361 0.069531 0.159722
1 0.239063 0.580556 0.017188 0.030556
0 0.767188 0.580556 0.015625 0.030556
2 0.422266 0.582639 0.013281 0.031944
1 0.731641 0.556944 0.010156 0.022222
0 0.670312 0.572222 0.012500 0.027778
2 0.583984 0.583333 0.013281 0.033333
0 0.273047 0.557639 0.011719 0.023611
1 0.334766 0.572917 0.013281 0.029167
0 0.143750 0.559722 0.014063 0.027778
1 0.619531 0.548611 0.007812 0.022222
0 0.384766 0.549306 0.008594 0.020833
0 0.058203 0.556250 0.011719 0.023611
0 0.447656 0.538889 0.006250 0.019444
1 0.555078 0.538889 0.007031 0.019444
1 0.861719 0.559722 0.012500 0.027778
0 0.045312 0.549306 0.009375 0.020833
