2 0.163281 0.868750 0.085938 0.162500
2 0.875391 0.870833 0.069531 0.161111
1 0.238281 0.581250 0.017188 0.031944
0 0.767578 0.580556 0.014844 0.030556
2 0.422266 0.582639 0.013281 0.031944
2 0.583984 0.583333 0.013281 0.033333
0 0.670703 0.572917 0.011719 0.029167
1 0.731641 0.556944 0.010156 0.022222
1 0.334766 0.573611 0.013281 0.027778
0 0.273047 0.557639 0.011719 0.023611
0 0.143359 0.559722 0.013281 0.027778
1 0.619531 0.548611 0.007812 0.022222
0 0.384375 0.549306 0.007812 0.020833
0 0.057422 0.556250 0.011719 0.023611
0 0.447656 0.538889 0.006250 0.019444
1 0.555078 0.538889 0.007031 0.019444
1 0.861719 0.559028 0.012500 0.029167
0 0.044922 0.548611 0.010156 0.019444
0 0.146094 0.532639 0.007812 0.018056
