2 0.415234 0.590972 0.014844 0.034722
2 0.591406 0.590972 0.015625 0.034722
1 0.322266 0.578472 0.014844 0.031944
1 0.215234 0.588889 0.019531 0.033333
0 0.684375 0.579167 0.014063 0.030556
0 0.791797 0.588889 0.017969 0.036111
1 0.746094 0.561111 0.012500 0.025000
0 0.258594 0.560417 0.012500 0.026389
0 0.378125 0.551389 0.009375 0.022222
1 0.885547 0.564583 0.016406 0.026389
0 0.119141 0.565972 0.014844 0.026389
0 0.445703 0.540278 0.007031 0.019444
1 0.626172 0.551389 0.008594 0.022222
0 0.067969 0.539583 0.009375 0.020833
1 0.557422 0.541667 0.007031 0.019444
0 0.030469 0.559722 0.014063 0.025000
0 0.133984 0.534028 0.008594 0.015278
0 0.201172 0.528472 0.007031 0.015278
1 0.975000 0.560417 0.017188 0.026389
