0 0.833594 0.600694 0.023438 0.040278
1 0.175391 0.600694 0.024219 0.040278
2 0.403125 0.603472 0.017188 0.040278
2 0.605469 0.604167 0.017188 0.038889
0 0.707031 0.588889 0.015625 0.033333
1 0.769141 0.566667 0.013281 0.027778
0 0.236719 0.566667 0.014063 0.027778
1 0.924219 0.571528 0.020313 0.029167
0 0.369531 0.555556 0.009375 0.022222
0 0.081250 0.571528 0.017188 0.029167
0 0.442578 0.544444 0.007031 0.019444
1 0.635547 0.555556 0.008594 0.022222
0 0.116016 0.534722 0.008594 0.016667
1 0.299609 0.588194 0.016406 0.034722
1 0.560937 0.544444 0.007812 0.019444
