0 0.832812 0.600694 0.023438 0.040278
1 0.175781 0.600694 0.023438 0.040278
2 0.403125 0.603472 0.017188 0.040278
2 0.604688 0.604167 0.017188 0.038889
0 0.706641 0.588889 0.016406 0.033333
1 0.768750 0.565972 0.014063 0.026389
0 0.237109 0.566667 0.013281 0.027778
1 0.924609 0.572222 0.019531 0.027778
0 0.369531 0.554861 0.009375 0.023611
0 0.082031 0.571528 0.017188 0.029167
0 0.442578 0.544444 0.007031 0.019444
1 0.635156 0.555556 0.009375 0.022222
0 0.116016 0.534722 0.008594 0.016667
1 0.300000 0.588194 0.017188 0.034722
1 0.560937 0.544444 0.007812 0.019444
