0 0.853516 0.607639 0.027344 0.043056
1 0.154688 0.606944 0.025000 0.044444
0 0.718359 0.593056 0.017969 0.036111
1 0.289062 0.593056 0.018750 0.036111
2 0.611719 0.611111 0.018750 0.041667
2 0.396484 0.610417 0.017969 0.043056
0 0.225781 0.568750 0.015625 0.029167
1 0.779297 0.569444 0.014844 0.027778
0 0.364453 0.557639 0.010156 0.023611
1 0.941797 0.574306 0.019531 0.029167
1 0.639844 0.556250 0.009375 0.023611
0 0.063672 0.575694 0.019531 0.029167
0 0.441016 0.544444 0.007031 0.019444
0 0.107422 0.536111 0.008594 0.016667
1 0.562500 0.544444 0.007812 0.019444
