0 0.883594 0.615972 0.029687 0.045833
1 0.274219 0.600000 0.020313 0.038889
0 0.733984 0.599306 0.019531 0.037500
1 0.125781 0.615972 0.029687 0.045833
2 0.621484 0.620139 0.021094 0.045833
2 0.387891 0.620139 0.021094 0.045833
0 0.038281 0.578472 0.021875 0.031944
1 0.794531 0.572917 0.015625 0.029167
1 0.966406 0.578472 0.020313 0.031944
1 0.645703 0.559722 0.010156 0.025000
0 0.358984 0.559028 0.010156 0.023611
0 0.211328 0.572917 0.014844 0.029167
1 0.564453 0.543750 0.008594 0.023611
0 0.097266 0.536806 0.008594 0.018056
0 0.013281 0.545833 0.010937 0.019444
0 0.439063 0.546528 0.007812 0.020833
0 0.176172 0.529861 0.007031 0.015278
1 0.905469 0.536111 0.009375 0.016667
0 0.978125 0.536111 0.009375 0.019444
