0 0.921484 0.628472 0.033594 0.048611
0 0.753906 0.608333 0.023438 0.044444
1 0.088672 0.627778 0.035156 0.050000
1 0.254688 0.609028 0.023438 0.043056
2 0.634375 0.632639 0.023438 0.051389
1 0.812500 0.577778 0.018750 0.030556
0 0.194141 0.577083 0.016406 0.031944
0 0.010937 0.583333 0.018750 0.033333
2 0.375781 0.632639 0.023438 0.051389
0 0.351562 0.561806 0.010937 0.023611
1 0.653125 0.562500 0.010937 0.025000
0 0.168359 0.531944 0.008594 0.016667
0 0.084766 0.537500 0.010156 0.019444
1 0.992969 0.582639 0.014063 0.031944
0 0.436328 0.547917 0.007031 0.020833
1 0.567578 0.544444 0.008594 0.025000
1 0.918750 0.538194 0.009375 0.018056
0 0.992578 0.537500 0.008594 0.022222
