0 0.664844 0.656944 0.029687 0.058333
2 0.562891 0.577083 0.011719 0.029167
1 0.914453 0.606250 0.030469 0.043056
2 0.307812 0.579861 0.014063 0.031944
2 0.976172 0.561806 0.022656 0.048611
0 0.867578 0.550000 0.010156 0.022222
0 0.656250 0.542361 0.007812 0.018056
2 0.835547 0.544444 0.013281 0.033333
0 0.759375 0.549306 0.009375 0.020833
2 0.360547 0.554861 0.008594 0.023611
0 0.589453 0.536111 0.005469 0.016667
0 0.661328 0.611806 0.019531 0.043056
1 0.929297 0.577778 0.016406 0.030556
2 0.898047 0.544444 0.013281 0.030556
