0 0.663672 0.681250 0.036719 0.070833
0 0.651953 0.618750 0.022656 0.045833
2 0.544141 0.582639 0.013281 0.031944
1 0.909766 0.607639 0.030469 0.051389
0 0.740234 0.549306 0.010156 0.023611
2 0.257422 0.590278 0.017969 0.033333
2 0.518359 0.556944 0.008594 0.022222
0 0.843359 0.549306 0.010156 0.023611
2 0.325000 0.559722 0.009375 0.025000
0 0.637500 0.545139 0.007812 0.018056
0 0.569922 0.536111 0.007031 0.016667
2 0.952734 0.559722 0.019531 0.047222
1 0.507031 0.541667 0.006250 0.016667
1 0.991406 0.569444 0.014063 0.030556
0 0.540625 0.530556 0.006250 0.016667
0 0.901953 0.544444 0.010156 0.025000
