0 0.664062 0.681250 0.035937 0.070833
0 0.652344 0.618750 0.021875 0.045833
2 0.544922 0.582639 0.013281 0.031944
1 0.909766 0.606944 0.030469 0.052778
2 0.257812 0.590278 0.017188 0.033333
0 0.740625 0.549306 0.009375 0.023611
2 0.325391 0.559722 0.010156 0.025000
0 0.843359 0.549306 0.010156 0.023611
2 0.518359 0.556944 0.008594 0.022222
0 0.569922 0.536111 0.007031 0.016667
0 0.637891 0.544444 0.007031 0.019444
2 0.952734 0.560417 0.019531 0.045833
1 0.507812 0.541667 0.006250 0.016667
1 0.991406 0.569444 0.014063 0.030556
0 0.902734 0.544444 0.010156 0.025000
2 0.813672 0.543056 0.013281 0.033333
