1 0.922266 0.600694 0.027344 0.040278
0 0.667969 0.636806 0.025000 0.048611
0 0.674609 0.600000 0.016406 0.036111
2 0.584375 0.570833 0.010937 0.027778
0 0.613281 0.534722 0.006250 0.016667
2 0.864062 0.543750 0.014063 0.031944
0 0.679297 0.540972 0.007031 0.018056
0 0.784375 0.548611 0.009375 0.022222
0 0.899219 0.550694 0.010937 0.023611
2 0.356250 0.569444 0.010937 0.027778
1 0.951562 0.577778 0.021875 0.030556
0 0.973047 0.548611 0.011719 0.022222
2 0.398438 0.550694 0.007812 0.020833
2 0.562109 0.550694 0.008594 0.020833
2 0.932813 0.544444 0.014063 0.030556
