0 0.663672 0.681250 0.036719 0.070833
0 0.651953 0.618750 0.022656 0.045833
2 0.544141 0.582639 0.013281 0.031944
1 0.909766 0.607639 0.030469 0.051389
2 0.257031 0.590278 0.017188 0.033333
0 0.740234 0.549306 0.010156 0.023611
0 0.842969 0.549306 0.009375 0.023611
2 0.517969 0.556944 0.007812 0.022222
2 0.324609 0.559722 0.010156 0.025000
0 0.569922 0.536111 0.007031 0.016667
0 0.637500 0.545139 0.007812 0.018056
2 0.952344 0.559722 0.020313 0.047222
1 0.507031 0.541667 0.006250 0.016667
1 0.991406 0.568750 0.015625 0.029167
0 0.901953 0.544444 0.010156 0.025000
0 0.540234 0.530556 0.005469 0.016667
