0 0.664844 0.657639 0.029687 0.056944
2 0.562891 0.577083 0.011719 0.029167
1 0.914453 0.606250 0.030469 0.043056
2 0.308594 0.579861 0.014063 0.031944
2 0.976953 0.561806 0.022656 0.048611
0 0.867578 0.549306 0.010156 0.023611
0 0.759766 0.549306 0.010156 0.020833
2 0.835547 0.544444 0.013281 0.033333
0 0.656641 0.543056 0.007031 0.019444
0 0.661328 0.610417 0.019531 0.043056
1 0.929297 0.577778 0.016406 0.030556
2 0.360938 0.554861 0.009375 0.023611
0 0.589844 0.535417 0.006250 0.015278
2 0.898047 0.544444 0.013281 0.030556
