1 0.922656 0.600694 0.028125 0.040278
0 0.668359 0.636111 0.024219 0.047222
2 0.585156 0.570833 0.010937 0.027778
0 0.674609 0.600000 0.016406 0.036111
2 0.864844 0.543750 0.014063 0.031944
0 0.613281 0.534722 0.006250 0.016667
0 0.784766 0.548611 0.010156 0.022222
0 0.679688 0.541667 0.007812 0.019444
1 0.951562 0.577778 0.021875 0.030556
2 0.356641 0.569444 0.010156 0.027778
0 0.899609 0.550694 0.011719 0.023611
2 0.398828 0.550694 0.007031 0.020833
2 0.933203 0.544444 0.013281 0.030556
2 0.562500 0.550694 0.007812 0.020833
0 0.973437 0.548611 0.010937 0.022222
