0 0.921094 0.628472 0.032813 0.048611
0 0.753906 0.608333 0.023438 0.044444
1 0.089063 0.627778 0.034375 0.050000
1 0.254688 0.608333 0.023438 0.041667
2 0.633984 0.632639 0.024219 0.051389
0 0.194141 0.577083 0.016406 0.031944
0 0.010937 0.583333 0.018750 0.033333
1 0.812109 0.577083 0.017969 0.031944
0 0.351562 0.561806 0.010937 0.023611
2 0.375781 0.632639 0.023438 0.051389
1 0.652734 0.562500 0.011719 0.025000
0 0.168359 0.531250 0.008594 0.015278
0 0.084766 0.537500 0.010156 0.019444
1 0.992969 0.583333 0.014063 0.030556
0 0.436328 0.547917 0.007031 0.020833
1 0.567187 0.544444 0.007812 0.025000
1 0.918750 0.537500 0.009375 0.019444
0 0.992578 0.536806 0.008594 0.020833
