0 0.667188 0.712500 0.040625 0.083333
0 0.646094 0.631944 0.025000 0.050000
1 0.908203 0.615972 0.032031 0.048611
2 0.527344 0.590278 0.014063 0.033333
2 0.203906 0.602778 0.021875 0.038889
2 0.934375 0.562500 0.021875 0.044444
0 0.878125 0.543056 0.010937 0.025000
0 0.621875 0.545139 0.007812 0.018056
0 0.724219 0.550000 0.009375 0.022222
1 0.970703 0.570833 0.017969 0.025000
0 0.823828 0.550694 0.010156 0.023611
1 0.896875 0.579861 0.017188 0.031944
2 0.289453 0.566667 0.011719 0.027778
0 0.553125 0.537500 0.006250 0.016667
2 0.850781 0.543056 0.012500 0.027778
