0 0.667578 0.713889 0.041406 0.083333
0 0.646094 0.631944 0.025000 0.050000
1 0.908203 0.615972 0.032031 0.048611
2 0.527344 0.590278 0.014063 0.033333
2 0.203125 0.602778 0.021875 0.038889
2 0.934375 0.562500 0.021875 0.044444
0 0.621875 0.545139 0.007812 0.018056
0 0.878125 0.543056 0.010937 0.025000
0 0.724219 0.550000 0.009375 0.022222
1 0.970313 0.570833 0.018750 0.025000
0 0.552734 0.537500 0.007031 0.016667
2 0.289062 0.566667 0.010937 0.027778
0 0.823828 0.550000 0.010156 0.022222
1 0.896484 0.579861 0.016406 0.031944
2 0.850391 0.543056 0.011719 0.027778
