1 0.928906 0.655556 0.042188 0.061111
2 0.429297 0.639583 0.021094 0.051389
1 0.427734 0.561111 0.010156 0.025000
0 0.656641 0.554861 0.010156 0.023611
2 0.399219 0.581944 0.012500 0.027778
0 0.550391 0.552083 0.008594 0.020833
0 0.472266 0.544444 0.007031 0.016667
0 0.638672 0.740972 0.032031 0.095833
1 0.850000 0.588194 0.020313 0.037500
1 0.392578 0.554167 0.008594 0.022222
2 0.019141 0.612500 0.030469 0.044444
1 0.360156 0.539583 0.006250 0.018056
0 0.746875 0.550694 0.009375 0.023611
1 0.888672 0.569444 0.014844 0.030556
0 0.437891 0.534722 0.007031 0.016667
2 0.723437 0.546528 0.012500 0.031944
1 0.832812 0.533333 0.007812 0.016667
2 0.962500 0.531944 0.007812 0.016667
