1 0.938672 0.664583 0.042969 0.065278
2 0.404297 0.658333 0.025781 0.061111
1 0.843359 0.590278 0.021094 0.038889
2 0.376172 0.588889 0.013281 0.030556
1 0.408984 0.563889 0.010156 0.025000
0 0.537891 0.553472 0.008594 0.020833
0 0.646094 0.556250 0.009375 0.023611
0 0.456641 0.546528 0.007031 0.018056
1 0.339453 0.541667 0.007031 0.019444
0 0.735156 0.551389 0.009375 0.022222
1 0.371484 0.556944 0.008594 0.022222
2 0.896094 0.557639 0.018750 0.043056
1 0.813672 0.533333 0.007031 0.016667
0 0.421094 0.536806 0.006250 0.018056
1 0.876563 0.570139 0.014063 0.031944
