0 0.691016 0.836806 0.049219 0.143056
0 0.636719 0.666667 0.029687 0.066667
2 0.025000 0.647917 0.040625 0.056944
2 0.486719 0.608333 0.017188 0.038889
1 0.910937 0.630556 0.034375 0.052778
2 0.455859 0.568750 0.010156 0.026389
2 0.955078 0.558333 0.021094 0.044444
2 0.191016 0.581250 0.017969 0.031944
1 0.871875 0.583333 0.018750 0.036111
0 0.691406 0.551389 0.009375 0.022222
0 0.588281 0.547222 0.007812 0.019444
1 0.927734 0.569444 0.014844 0.030556
0 0.784766 0.549306 0.010156 0.023611
2 0.898438 0.562500 0.021875 0.047222
1 0.477734 0.554167 0.008594 0.022222
0 0.515625 0.540278 0.006250 0.016667
2 0.808594 0.543750 0.010937 0.029167
1 0.415625 0.535417 0.006250 0.015278
1 0.445703 0.547222 0.007031 0.019444
2 0.759375 0.545139 0.012500 0.031944
