0 0.683984 0.789583 0.057031 0.123611
0 0.637500 0.654167 0.028125 0.058333
1 0.909375 0.627778 0.032813 0.050000
2 0.498437 0.602083 0.015625 0.037500
2 0.087500 0.631250 0.032813 0.048611
1 0.879297 0.582639 0.017969 0.034722
2 0.468750 0.565278 0.009375 0.025000
2 0.223047 0.576389 0.014844 0.030556
0 0.597656 0.547222 0.007812 0.019444
0 0.526563 0.539583 0.006250 0.018056
0 0.795703 0.550000 0.010156 0.022222
0 0.700000 0.551389 0.009375 0.022222
2 0.967969 0.559028 0.018750 0.043056
1 0.939063 0.569444 0.017188 0.027778
1 0.458203 0.545833 0.007031 0.019444
2 0.819922 0.543056 0.011719 0.030556
1 0.428516 0.534028 0.005469 0.015278
2 0.769531 0.544444 0.012500 0.030556
2 0.907422 0.563194 0.021094 0.043056
0 0.804688 0.531250 0.006250 0.015278
