1 0.916797 0.640972 0.038281 0.056944
2 0.461719 0.621528 0.018750 0.043056
1 0.455078 0.556250 0.008594 0.020833
2 0.121484 0.594444 0.022656 0.036111
2 0.933203 0.557639 0.019531 0.043056
0 0.570703 0.549306 0.008594 0.020833
0 0.635547 0.693750 0.030469 0.076389
0 0.675000 0.552778 0.009375 0.022222
2 0.430859 0.574306 0.011719 0.029167
0 0.495312 0.541667 0.007812 0.016667
1 0.860938 0.586111 0.020313 0.036111
1 0.390625 0.537500 0.006250 0.016667
0 0.766797 0.547222 0.010156 0.025000
1 0.421094 0.550000 0.007812 0.019444
2 0.741797 0.545139 0.011719 0.031944
1 0.908594 0.570833 0.017188 0.027778
2 0.881250 0.563194 0.018750 0.043056
2 0.944922 0.537500 0.010156 0.022222
1 0.862109 0.534028 0.008594 0.018056
0 0.462109 0.533333 0.007031 0.016667
