1 0.917188 0.640972 0.037500 0.056944
2 0.461719 0.621528 0.018750 0.043056
2 0.932813 0.557639 0.018750 0.043056
1 0.454297 0.556944 0.008594 0.019444
2 0.120313 0.594444 0.023438 0.036111
0 0.570703 0.549306 0.008594 0.020833
0 0.634766 0.693750 0.030469 0.076389
2 0.430469 0.574306 0.010937 0.029167
0 0.674609 0.552778 0.010156 0.022222
0 0.494922 0.541667 0.007031 0.016667
1 0.860547 0.586111 0.021094 0.036111
1 0.389844 0.537500 0.006250 0.016667
1 0.420312 0.550000 0.007812 0.019444
0 0.766797 0.547222 0.010156 0.025000
2 0.741797 0.545139 0.011719 0.031944
2 0.880859 0.563194 0.019531 0.043056
1 0.908203 0.570139 0.017969 0.029167
0 0.461719 0.533333 0.006250 0.016667
1 0.861719 0.534028 0.007812 0.018056
