0 0.684375 0.790278 0.056250 0.125000
0 0.637891 0.654861 0.027344 0.059722
1 0.909375 0.627083 0.032813 0.051389
2 0.498437 0.602083 0.015625 0.037500
2 0.087109 0.631944 0.033594 0.050000
1 0.878906 0.582639 0.018750 0.034722
2 0.468750 0.565278 0.009375 0.025000
2 0.223047 0.576389 0.014844 0.030556
0 0.597656 0.547222 0.007812 0.019444
0 0.526172 0.539583 0.007031 0.018056
0 0.700000 0.551389 0.009375 0.022222
0 0.795312 0.550000 0.009375 0.022222
2 0.967969 0.559028 0.018750 0.043056
1 0.938672 0.569444 0.016406 0.030556
1 0.457813 0.546528 0.006250 0.018056
2 0.819922 0.543750 0.011719 0.029167
2 0.769141 0.544444 0.011719 0.030556
1 0.428516 0.534722 0.005469 0.013889
