2 0.210938 0.836111 0.059375 0.144444
2 0.246484 0.634028 0.022656 0.048611
1 0.314844 0.588889 0.014063 0.030556
0 0.481250 0.567361 0.009375 0.023611
1 0.266797 0.578472 0.013281 0.026389
0 0.385547 0.558333 0.008594 0.022222
0 0.601172 0.566667 0.010156 0.025000
0 0.689063 0.559028 0.009375 0.023611
0 0.345703 0.546528 0.008594 0.020833
1 0.235156 0.555556 0.009375 0.022222
2 0.919531 0.543750 0.007812 0.020833
2 0.939453 0.535417 0.007031 0.018056
1 0.268750 0.539583 0.006250 0.015278
1 0.824219 0.604861 0.023438 0.051389
1 0.748828 0.533333 0.007031 0.016667
0 0.373828 0.531944 0.005469 0.013889
2 0.667969 0.555556 0.010937 0.030556
