1 0.154688 0.627778 0.025000 0.047222
1 0.817578 0.630556 0.025781 0.052778
0 0.411328 0.580556 0.013281 0.030556
0 0.241406 0.559028 0.010937 0.023611
1 0.085938 0.613194 0.025000 0.043056
0 0.289844 0.573611 0.012500 0.027778
0 0.555469 0.577083 0.012500 0.029167
1 0.067187 0.575000 0.015625 0.030556
0 0.930078 0.549306 0.010156 0.020833
0 0.645703 0.561806 0.010156 0.026389
1 0.140234 0.550694 0.010156 0.020833
2 0.842969 0.539583 0.007812 0.020833
0 0.251953 0.547222 0.008594 0.019444
2 0.749219 0.534028 0.006250 0.018056
1 0.223438 0.536111 0.007812 0.016667
0 0.338281 0.531250 0.006250 0.015278
0 0.290625 0.537500 0.007812 0.019444
