1 0.153906 0.629167 0.026562 0.050000
1 0.817578 0.630556 0.025781 0.052778
1 0.085156 0.611806 0.026562 0.043056
0 0.411328 0.580556 0.013281 0.030556
0 0.240625 0.559028 0.010937 0.023611
1 0.066797 0.575000 0.016406 0.030556
0 0.289062 0.573611 0.012500 0.027778
0 0.554688 0.577083 0.012500 0.029167
0 0.929297 0.549306 0.010156 0.020833
0 0.644922 0.561111 0.010156 0.025000
1 0.139453 0.550694 0.010156 0.020833
2 0.842578 0.539583 0.008594 0.020833
0 0.251953 0.547222 0.008594 0.019444
1 0.222656 0.536806 0.007812 0.018056
2 0.749219 0.534028 0.006250 0.018056
0 0.338281 0.530556 0.006250 0.013889
