2 0.126953 0.679167 0.036719 0.069444
1 0.188281 0.593750 0.017188 0.034722
1 0.244922 0.606250 0.017969 0.037500
0 0.447266 0.574306 0.011719 0.026389
1 0.819141 0.618750 0.024219 0.051389
1 0.160156 0.565278 0.012500 0.025000
0 0.578125 0.571528 0.010937 0.026389
0 0.341016 0.565972 0.011719 0.026389
0 0.295703 0.554167 0.008594 0.022222
0 0.666016 0.561111 0.010156 0.025000
0 0.301953 0.543056 0.007031 0.016667
2 0.646094 0.559028 0.012500 0.034722
0 0.971094 0.552083 0.010937 0.020833
1 0.208984 0.545139 0.008594 0.018056
2 0.778906 0.535417 0.007812 0.018056
1 0.274609 0.533333 0.007031 0.016667
1 0.717969 0.534028 0.006250 0.015278
2 0.800781 0.579167 0.020313 0.052778
0 0.333203 0.535417 0.007031 0.015278
