2 0.210547 0.836806 0.060156 0.145833
2 0.245703 0.634028 0.022656 0.048611
1 0.314453 0.588889 0.013281 0.030556
0 0.481250 0.566667 0.009375 0.025000
1 0.266016 0.578472 0.013281 0.029167
0 0.385547 0.558333 0.008594 0.022222
0 0.601172 0.566667 0.010156 0.025000
0 0.689063 0.559028 0.009375 0.023611
1 0.234766 0.556250 0.008594 0.020833
0 0.344922 0.546528 0.008594 0.020833
2 0.919141 0.543056 0.008594 0.019444
1 0.267969 0.539583 0.006250 0.015278
2 0.939063 0.535417 0.007812 0.018056
2 0.667578 0.554861 0.011719 0.031944
1 0.824219 0.604861 0.023438 0.051389
1 0.748437 0.534028 0.006250 0.015278
2 0.953125 0.529167 0.006250 0.013889
