1 0.823047 0.644444 0.027344 0.055556
0 0.215234 0.584722 0.016406 0.033333
0 0.527344 0.583333 0.012500 0.033333
0 0.362500 0.592361 0.015625 0.034722
0 0.161328 0.568750 0.011719 0.026389
1 0.035937 0.559722 0.012500 0.022222
0 0.888281 0.547222 0.009375 0.022222
0 0.233203 0.540972 0.008594 0.018056
0 0.181641 0.553472 0.010156 0.020833
0 0.291016 0.534028 0.007031 0.015278
0 0.954688 0.549306 0.010937 0.020833
0 0.621875 0.564583 0.010937 0.026389
2 0.717969 0.533333 0.006250 0.016667
1 0.247656 0.531944 0.006250 0.013889
