2 0.128125 0.679167 0.035937 0.069444
1 0.245312 0.605556 0.018750 0.038889
1 0.189062 0.593750 0.017188 0.034722
0 0.447656 0.574306 0.010937 0.026389
1 0.819141 0.618056 0.024219 0.052778
0 0.578125 0.571528 0.010937 0.026389
1 0.160938 0.565278 0.012500 0.025000
0 0.341016 0.566667 0.010156 0.025000
0 0.296094 0.554167 0.009375 0.022222
0 0.666406 0.561111 0.009375 0.025000
0 0.302344 0.543056 0.007812 0.016667
2 0.646094 0.559028 0.012500 0.034722
1 0.209375 0.545833 0.007812 0.016667
0 0.971484 0.552778 0.011719 0.022222
2 0.778906 0.535417 0.006250 0.018056
2 0.800781 0.579861 0.020313 0.054167
1 0.718750 0.534028 0.006250 0.015278
2 0.878125 0.541667 0.007812 0.019444
1 0.275391 0.534028 0.007031 0.015278
