2 0.337500 0.712500 0.032813 0.086111
2 0.323437 0.604861 0.017188 0.037500
1 0.969922 0.693056 0.047656 0.077778
1 0.368750 0.572917 0.010937 0.026389
0 0.624219 0.559722 0.010937 0.025000
0 0.510938 0.559028 0.009375 0.023611
1 0.833594 0.597222 0.021875 0.044444
1 0.292969 0.547222 0.007812 0.019444
0 0.424219 0.550694 0.007812 0.020833
0 0.711328 0.554167 0.010156 0.025000
1 0.326172 0.565278 0.010156 0.025000
2 0.690234 0.552083 0.011719 0.031944
0 0.386328 0.540972 0.007031 0.018056
2 0.871094 0.561111 0.017188 0.041667
1 0.780859 0.533333 0.007031 0.016667
0 0.744922 0.545139 0.008594 0.020833
1 0.317578 0.535417 0.007031 0.015278
