2 0.129297 0.678472 0.035156 0.068056
1 0.246484 0.606250 0.017969 0.037500
1 0.189844 0.593056 0.017188 0.033333
0 0.448047 0.574306 0.011719 0.026389
1 0.819531 0.618056 0.025000 0.052778
0 0.578125 0.571528 0.010937 0.026389
1 0.161328 0.565278 0.011719 0.025000
0 0.341406 0.566667 0.010937 0.025000
0 0.296484 0.554167 0.008594 0.022222
0 0.666797 0.561111 0.010156 0.025000
0 0.302734 0.542361 0.007031 0.015278
1 0.209375 0.545833 0.007812 0.016667
2 0.646094 0.559028 0.012500 0.034722
0 0.971875 0.552083 0.010937 0.020833
2 0.778906 0.535417 0.006250 0.018056
2 0.878125 0.541667 0.007812 0.019444
2 0.800781 0.579861 0.020313 0.054167
1 0.718750 0.534028 0.006250 0.015278
1 0.275391 0.534028 0.007031 0.015278
2 0.807422 0.529861 0.005469 0.015278
