2 0.336719 0.713889 0.032813 0.086111
2 0.322656 0.604861 0.017188 0.037500
1 0.970313 0.693056 0.048438 0.077778
1 0.367969 0.572917 0.010937 0.026389
0 0.623828 0.559722 0.010156 0.025000
0 0.510938 0.559028 0.009375 0.023611
1 0.292969 0.547222 0.007812 0.019444
0 0.424219 0.550694 0.007812 0.020833
0 0.710938 0.554167 0.009375 0.025000
1 0.833203 0.597222 0.021094 0.044444
2 0.870703 0.561111 0.016406 0.041667
0 0.386328 0.540972 0.007031 0.018056
2 0.689844 0.552083 0.012500 0.031944
1 0.325000 0.565278 0.010937 0.025000
1 0.780469 0.533333 0.007812 0.016667
0 0.744922 0.545139 0.008594 0.020833
2 0.993750 0.536806 0.007812 0.018056
2 0.889453 0.530556 0.007031 0.016667
2 0.849219 0.536111 0.007812 0.019444
1 0.317188 0.535417 0.006250 0.015278
