2 0.336328 0.713889 0.033594 0.086111
2 0.322266 0.604861 0.017969 0.037500
1 0.970313 0.693750 0.048438 0.079167
1 0.367578 0.573611 0.011719 0.027778
0 0.623828 0.559722 0.010156 0.025000
0 0.510547 0.559028 0.010156 0.023611
0 0.424219 0.550694 0.007812 0.020833
1 0.292187 0.547222 0.007812 0.019444
0 0.710938 0.554861 0.009375 0.023611
1 0.832812 0.597917 0.021875 0.045833
2 0.870703 0.561111 0.016406 0.041667
1 0.325000 0.565278 0.010937 0.025000
0 0.385547 0.540972 0.007031 0.018056
2 0.689844 0.552083 0.012500 0.031944
1 0.780469 0.533333 0.007812 0.016667
2 0.993359 0.536111 0.008594 0.019444
2 0.889062 0.530556 0.006250 0.016667
2 0.849219 0.536111 0.007812 0.019444
2 0.964453 0.543056 0.010156 0.019444
