1 0.823047 0.644444 0.027344 0.055556
0 0.216406 0.584722 0.015625 0.033333
0 0.363281 0.592361 0.015625 0.034722
0 0.527734 0.583333 0.013281 0.033333
0 0.889062 0.547917 0.009375 0.020833
0 0.162500 0.568750 0.012500 0.026389
0 0.233984 0.540972 0.008594 0.018056
0 0.182422 0.552083 0.010156 0.020833
0 0.291797 0.534028 0.007031 0.015278
1 0.037500 0.559028 0.012500 0.023611
0 0.955078 0.550000 0.010156 0.022222
0 0.622266 0.564583 0.010156 0.026389
2 0.717969 0.534028 0.006250 0.018056
1 0.152734 0.542361 0.008594 0.018056
