2 0.210938 0.836111 0.059375 0.144444
2 0.245703 0.634028 0.022656 0.048611
1 0.314844 0.588194 0.014063 0.031944
0 0.481250 0.566667 0.009375 0.025000
1 0.266406 0.578472 0.012500 0.029167
0 0.385547 0.558333 0.008594 0.022222
0 0.601172 0.566667 0.010156 0.025000
0 0.689063 0.559028 0.009375 0.023611
0 0.344922 0.546528 0.008594 0.020833
2 0.919141 0.543750 0.008594 0.020833
1 0.235156 0.555556 0.009375 0.022222
1 0.268359 0.539583 0.007031 0.015278
2 0.939453 0.535417 0.007031 0.018056
1 0.824219 0.604861 0.023438 0.051389
2 0.667578 0.555556 0.011719 0.030556
1 0.748437 0.534028 0.006250 0.015278
0 0.373437 0.531944 0.004687 0.013889
