1 0.887500 0.720139 0.051562 0.090278
0 0.143750 0.661111 0.035937 0.063889
0 0.441016 0.615972 0.022656 0.045833
0 0.008203 0.559722 0.013281 0.025000
2 0.541406 0.579861 0.018750 0.051389
0 0.800000 0.545139 0.009375 0.018056
0 0.125781 0.545139 0.009375 0.018056
0 0.562500 0.579167 0.012500 0.033333
0 0.221094 0.536111 0.007812 0.019444
0 0.853125 0.545833 0.009375 0.019444
1 0.056250 0.543056 0.009375 0.019444
3 0.757031 0.602778 0.026562 0.083333
0 0.473047 0.530556 0.005469 0.013889
0 0.559375 0.540972 0.006250 0.018056
0 0.519531 0.534028 0.006250 0.015278
0 0.421484 0.529167 0.005469 0.013889
0 0.364063 0.529167 0.006250 0.013889
2 0.645703 0.534028 0.005469 0.015278
