1 0.854297 0.686806 0.041406 0.076389
0 0.239844 0.627083 0.026562 0.048611
0 0.473047 0.601389 0.017969 0.038889
0 0.010937 0.624306 0.020313 0.045833
0 0.099609 0.550694 0.010156 0.023611
0 0.189453 0.538889 0.008594 0.019444
0 0.826953 0.545833 0.008594 0.019444
1 0.131641 0.536806 0.008594 0.018056
0 0.267578 0.533333 0.007031 0.016667
0 0.006250 0.570139 0.010937 0.026389
0 0.542969 0.533333 0.006250 0.016667
2 0.668359 0.533333 0.005469 0.016667
0 0.883203 0.547222 0.008594 0.019444
0 0.498047 0.529167 0.005469 0.013889
0 0.394922 0.527778 0.005469 0.013889
0 0.582422 0.572222 0.011719 0.030556
0 0.335547 0.529167 0.005469 0.013889
0 0.448828 0.527083 0.005469 0.012500
0 0.580859 0.539583 0.007031 0.018056
