1 0.887891 0.720139 0.052344 0.090278
0 0.142969 0.661111 0.035937 0.063889
0 0.441016 0.615972 0.022656 0.045833
2 0.541016 0.579861 0.017969 0.051389
0 0.007812 0.559722 0.012500 0.025000
0 0.125000 0.545139 0.009375 0.020833
0 0.800000 0.545139 0.009375 0.018056
0 0.562109 0.579167 0.013281 0.033333
0 0.220312 0.535417 0.007812 0.018056
0 0.852344 0.545833 0.009375 0.019444
1 0.055469 0.543056 0.009375 0.019444
3 0.757031 0.602778 0.026562 0.083333
0 0.473047 0.530556 0.005469 0.013889
0 0.421484 0.529167 0.005469 0.013889
0 0.363672 0.529167 0.005469 0.013889
0 0.519531 0.534028 0.006250 0.015278
0 0.558984 0.541667 0.007031 0.016667
2 0.645703 0.534028 0.005469 0.018056
