0 0.342578 0.673611 0.033594 0.069444
3 0.489844 0.601389 0.025000 0.075000
0 0.516406 0.596528 0.015625 0.037500
1 0.738672 0.621528 0.021094 0.048611
0 0.795703 0.544444 0.008594 0.019444
0 0.510938 0.546528 0.007812 0.020833
0 0.087500 0.546528 0.009375 0.020833
0 0.416797 0.534028 0.005469 0.015278
0 0.749609 0.545139 0.008594 0.020833
0 0.287109 0.534028 0.007031 0.018056
0 0.467969 0.537500 0.006250 0.016667
2 0.679297 0.538194 0.007031 0.018056
0 0.357812 0.532639 0.006250 0.015278
2 0.599609 0.536111 0.005469 0.016667
0 0.200781 0.538194 0.006250 0.018056
