1 0.854297 0.686111 0.041406 0.075000
0 0.241406 0.627083 0.026562 0.048611
0 0.473828 0.601389 0.017969 0.038889
0 0.011719 0.622917 0.021875 0.045833
0 0.101172 0.551389 0.010156 0.022222
0 0.190625 0.538889 0.007812 0.019444
0 0.827344 0.545833 0.009375 0.019444
0 0.268359 0.533333 0.007031 0.016667
1 0.132812 0.537500 0.007812 0.016667
0 0.007422 0.570139 0.011719 0.026389
0 0.542969 0.533333 0.006250 0.016667
0 0.498047 0.529167 0.005469 0.013889
2 0.668359 0.533333 0.005469 0.016667
0 0.448828 0.527778 0.005469 0.013889
0 0.395313 0.527778 0.004687 0.013889
0 0.883594 0.547222 0.009375 0.019444
0 0.335547 0.529167 0.005469 0.013889
0 0.582422 0.572917 0.011719 0.031944
