1 0.887891 0.720139 0.052344 0.090278
0 0.143359 0.661111 0.035156 0.063889
0 0.440625 0.615972 0.021875 0.045833
0 0.007812 0.559722 0.014063 0.025000
2 0.541016 0.579861 0.017969 0.051389
0 0.125000 0.545139 0.009375 0.020833
0 0.800000 0.545139 0.009375 0.018056
0 0.562109 0.579167 0.013281 0.033333
0 0.220703 0.535417 0.007031 0.018056
0 0.852734 0.545833 0.008594 0.019444
1 0.056250 0.543056 0.009375 0.019444
0 0.473047 0.530556 0.005469 0.013889
3 0.757031 0.602778 0.026562 0.083333
0 0.363672 0.529167 0.005469 0.013889
0 0.519531 0.534028 0.006250 0.015278
0 0.421484 0.529167 0.005469 0.013889
0 0.559375 0.541667 0.006250 0.016667
2 0.645703 0.534028 0.005469 0.015278
