1 0.832422 0.658333 0.032031 0.063889
0 0.144141 0.597917 0.019531 0.037500
0 0.318750 0.604167 0.018750 0.038889
0 0.086719 0.577778 0.015625 0.030556
0 0.505859 0.589583 0.014844 0.034722
0 0.117969 0.558333 0.012500 0.025000
0 0.860547 0.545833 0.008594 0.019444
0 0.183203 0.545139 0.008594 0.018056
0 0.922656 0.547917 0.009375 0.020833
0 0.252344 0.535417 0.007812 0.015278
0 0.316406 0.529861 0.006250 0.015278
0 0.570703 0.533333 0.005469 0.016667
0 0.605078 0.568750 0.010156 0.026389
2 0.696094 0.533333 0.006250 0.016667
