1 0.832422 0.658333 0.032031 0.063889
0 0.143359 0.597917 0.019531 0.037500
0 0.317969 0.604167 0.018750 0.038889
0 0.085547 0.577083 0.016406 0.031944
0 0.505859 0.589583 0.014844 0.034722
0 0.117188 0.558333 0.012500 0.025000
0 0.860547 0.546528 0.008594 0.020833
0 0.182422 0.544444 0.008594 0.019444
0 0.251563 0.536111 0.007812 0.016667
0 0.316016 0.529861 0.007031 0.015278
0 0.922266 0.547917 0.010156 0.020833
0 0.570312 0.532639 0.006250 0.015278
0 0.604688 0.568750 0.010937 0.026389
2 0.696094 0.533333 0.006250 0.016667
