1 0.887109 0.720139 0.052344 0.090278
0 0.144531 0.660417 0.035937 0.065278
0 0.441406 0.616667 0.021875 0.044444
0 0.008984 0.559722 0.014844 0.025000
2 0.541406 0.579861 0.018750 0.051389
0 0.126562 0.545139 0.009375 0.018056
0 0.800391 0.545139 0.008594 0.018056
0 0.562500 0.579167 0.012500 0.033333
0 0.221094 0.536111 0.007812 0.019444
1 0.057031 0.543056 0.009375 0.019444
0 0.853125 0.545833 0.009375 0.019444
0 0.473828 0.530556 0.005469 0.013889
3 0.757031 0.602778 0.026562 0.083333
0 0.519531 0.534722 0.006250 0.016667
0 0.559375 0.541667 0.006250 0.016667
2 0.646094 0.533333 0.006250 0.016667
