1 0.934766 0.764583 0.071094 0.112500
0 0.406641 0.634722 0.025781 0.050000
0 0.018750 0.707639 0.035937 0.081944
0 0.544141 0.586806 0.013281 0.031944
0 0.778516 0.544444 0.008594 0.019444
0 0.171094 0.539583 0.009375 0.020833
0 0.827734 0.545139 0.008594 0.020833
0 0.055469 0.551389 0.009375 0.022222
0 0.261328 0.534028 0.007031 0.018056
0 0.498437 0.536111 0.006250 0.016667
1 0.140234 0.535417 0.007031 0.018056
0 0.450391 0.532639 0.005469 0.015278
3 0.519922 0.584722 0.021094 0.063889
0 0.992969 0.548611 0.009375 0.022222
0 0.395703 0.529861 0.005469 0.012500
0 0.333594 0.529861 0.006250 0.015278
2 0.755859 0.617361 0.032031 0.084722
