0 0.343359 0.672917 0.033594 0.068056
3 0.490234 0.601389 0.025781 0.075000
0 0.088281 0.546528 0.009375 0.020833
0 0.516797 0.596528 0.016406 0.037500
0 0.796484 0.544444 0.008594 0.019444
1 0.738672 0.621528 0.021094 0.048611
0 0.510938 0.546528 0.007812 0.020833
0 0.750000 0.545139 0.009375 0.020833
0 0.417187 0.534028 0.006250 0.015278
0 0.468359 0.537500 0.007031 0.016667
0 0.287891 0.534028 0.007031 0.018056
2 0.679688 0.538194 0.007812 0.018056
0 0.201172 0.537500 0.007031 0.019444
2 0.600000 0.536111 0.006250 0.016667
0 0.357812 0.532639 0.006250 0.015278
3 0.722656 0.586111 0.021875 0.066667
