1 0.935547 0.765278 0.071094 0.113889
0 0.405859 0.634722 0.025781 0.050000
0 0.017578 0.708333 0.033594 0.083333
0 0.543750 0.586806 0.014063 0.031944
0 0.170703 0.538889 0.008594 0.019444
0 0.054297 0.550694 0.010156 0.023611
0 0.777734 0.544444 0.008594 0.019444
0 0.827734 0.545139 0.008594 0.020833
0 0.260547 0.534028 0.007031 0.018056
0 0.498437 0.536111 0.006250 0.016667
3 0.519922 0.584722 0.021094 0.063889
0 0.450391 0.533333 0.005469 0.013889
1 0.139453 0.536111 0.007031 0.016667
0 0.992188 0.547917 0.009375 0.023611
0 0.395313 0.529861 0.004687 0.012500
0 0.333203 0.530556 0.005469 0.013889
