0 0.369922 0.689583 0.035156 0.076389
1 0.771875 0.722917 0.050000 0.090278
3 0.275000 0.751389 0.067187 0.188889
2 0.925781 0.835417 0.120313 0.268056
2 0.706641 0.637500 0.038281 0.102778
0 0.395313 0.563194 0.010937 0.026389
0 0.341016 0.551389 0.008594 0.022222
0 0.268359 0.545833 0.008594 0.019444
0 0.662891 0.547917 0.008594 0.020833
0 0.172266 0.547917 0.008594 0.020833
0 0.702734 0.545833 0.008594 0.019444
0 0.426563 0.593750 0.014063 0.034722
0 0.819141 0.545833 0.008594 0.019444
0 0.036328 0.554861 0.011719 0.023611
2 0.592578 0.543056 0.007031 0.019444
1 0.445312 0.544444 0.007812 0.019444
2 0.507812 0.540972 0.006250 0.018056
1 0.412891 0.540972 0.007031 0.018056
1 0.326172 0.536806 0.007031 0.018056
1 0.220312 0.536806 0.007812 0.018056
