3 0.834375 0.736111 0.075000 0.186111
1 0.750781 0.681250 0.039062 0.073611
3 0.369531 0.679861 0.043750 0.137500
3 0.706250 0.618056 0.029687 0.088889
0 0.421875 0.650694 0.017188 0.059722
0 0.685547 0.547222 0.008594 0.019444
0 0.380469 0.545833 0.007812 0.019444
0 0.316797 0.540972 0.007031 0.018056
0 0.431250 0.556944 0.009375 0.022222
0 0.725781 0.545833 0.007812 0.019444
0 0.127344 0.546528 0.009375 0.020833
0 0.849219 0.545139 0.009375 0.020833
0 0.235156 0.541667 0.007812 0.019444
2 0.615234 0.540972 0.007031 0.018056
2 0.533594 0.538889 0.006250 0.016667
1 0.444531 0.537500 0.006250 0.016667
2 0.456641 0.609722 0.022656 0.058333
1 0.152734 0.537500 0.007031 0.016667
1 0.475000 0.540972 0.006250 0.018056
