3 0.708594 0.647222 0.039062 0.111111
1 0.786719 0.746528 0.056250 0.101389
3 0.957422 0.868750 0.085156 0.262500
0 0.338281 0.716667 0.040625 0.086111
3 0.199219 0.816667 0.070312 0.252778
0 0.692578 0.546528 0.008594 0.020833
0 0.653906 0.548611 0.009375 0.022222
0 0.379297 0.566667 0.011719 0.027778
1 0.432812 0.545833 0.007812 0.019444
0 0.322656 0.553472 0.009375 0.023611
0 0.246094 0.549306 0.009375 0.020833
2 0.496875 0.542361 0.006250 0.018056
0 0.807031 0.545139 0.009375 0.020833
0 0.142187 0.550000 0.009375 0.022222
0 0.409766 0.598611 0.014844 0.036111
2 0.582422 0.543056 0.007031 0.019444
1 0.398828 0.540972 0.007031 0.018056
1 0.196094 0.538889 0.007812 0.019444
1 0.308203 0.538889 0.007031 0.016667
