0 0.267578 0.722917 0.047656 0.090278
3 0.461719 0.615278 0.028125 0.086111
1 0.737500 0.636111 0.026562 0.052778
0 0.492969 0.609722 0.018750 0.044444
0 0.388672 0.536111 0.007031 0.016667
0 0.245703 0.536111 0.007031 0.019444
0 0.487500 0.550000 0.007812 0.022222
0 0.772266 0.544444 0.008594 0.019444
2 0.579297 0.536111 0.005469 0.016667
0 0.324219 0.534028 0.006250 0.018056
0 0.443359 0.539583 0.007031 0.018056
0 0.728516 0.545833 0.008594 0.019444
0 0.912891 0.547222 0.010156 0.019444
1 0.524609 0.537500 0.007031 0.016667
2 0.658594 0.538194 0.007812 0.020833
