3 0.791016 0.683333 0.053906 0.141667
0 0.142187 0.813889 0.075000 0.136111
1 0.740625 0.652778 0.031250 0.061111
0 0.465625 0.624306 0.021875 0.048611
3 0.710547 0.605556 0.028906 0.075000
0 0.463672 0.552778 0.008594 0.022222
0 0.358203 0.538194 0.007031 0.018056
0 0.416406 0.542361 0.007812 0.018056
0 0.287500 0.537500 0.007812 0.019444
0 0.751172 0.544444 0.008594 0.019444
0 0.708984 0.545833 0.008594 0.019444
1 0.502344 0.538889 0.006250 0.016667
0 0.197656 0.540278 0.007812 0.019444
2 0.639453 0.540278 0.007031 0.016667
3 0.425000 0.636111 0.028125 0.100000
0 0.883594 0.546528 0.009375 0.020833
2 0.558594 0.537500 0.006250 0.016667
0 0.076563 0.546528 0.009375 0.023611
1 0.317578 0.531250 0.005469 0.015278
2 0.488281 0.593750 0.018750 0.048611
1 0.951172 0.565972 0.025781 0.029167
