3 0.833203 0.736111 0.074219 0.183333
1 0.750000 0.680556 0.039062 0.072222
3 0.706641 0.617361 0.030469 0.087500
3 0.370312 0.679167 0.043750 0.136111
0 0.423438 0.650694 0.017188 0.056944
0 0.685547 0.547222 0.008594 0.019444
0 0.381250 0.545833 0.007812 0.019444
0 0.317188 0.540972 0.007812 0.018056
0 0.849609 0.545139 0.010156 0.020833
0 0.431250 0.556944 0.009375 0.022222
0 0.726172 0.545833 0.008594 0.019444
0 0.235937 0.541667 0.007812 0.019444
0 0.128125 0.546528 0.009375 0.020833
2 0.616016 0.540972 0.007031 0.018056
2 0.533594 0.538889 0.006250 0.016667
1 0.444531 0.538194 0.006250 0.015278
1 0.475000 0.541667 0.006250 0.016667
1 0.152734 0.537500 0.007031 0.016667
2 0.457031 0.606944 0.023438 0.061111
