3 0.834375 0.736111 0.075000 0.186111
3 0.369141 0.680556 0.044531 0.136111
1 0.750781 0.681944 0.039062 0.072222
3 0.706250 0.618056 0.029687 0.088889
0 0.421875 0.650694 0.017188 0.059722
0 0.684766 0.547222 0.008594 0.019444
0 0.380469 0.545833 0.007812 0.019444
0 0.431250 0.556944 0.009375 0.022222
0 0.316797 0.540972 0.007031 0.018056
0 0.725781 0.545833 0.007812 0.019444
0 0.126562 0.546528 0.009375 0.020833
0 0.849219 0.545139 0.009375 0.020833
0 0.235156 0.541667 0.007812 0.019444
2 0.615234 0.540972 0.007031 0.018056
2 0.533594 0.538889 0.006250 0.016667
1 0.443750 0.537500 0.006250 0.016667
2 0.456641 0.609028 0.022656 0.059722
1 0.152344 0.537500 0.007812 0.016667
1 0.475000 0.540972 0.006250 0.018056
