3 0.708594 0.647222 0.039062 0.111111
1 0.786719 0.746528 0.056250 0.101389
0 0.339453 0.715278 0.041406 0.086111
3 0.956641 0.868750 0.086719 0.262500
3 0.201172 0.815278 0.071094 0.252778
0 0.692578 0.546528 0.008594 0.020833
0 0.653906 0.548611 0.009375 0.022222
0 0.379297 0.566667 0.011719 0.027778
0 0.322656 0.554167 0.009375 0.022222
1 0.433203 0.545833 0.007031 0.019444
0 0.246484 0.549306 0.008594 0.020833
2 0.496875 0.542361 0.006250 0.018056
0 0.410156 0.598611 0.014063 0.036111
0 0.807031 0.545139 0.009375 0.020833
0 0.142578 0.550000 0.010156 0.022222
2 0.582422 0.543750 0.007031 0.020833
1 0.399609 0.542361 0.007031 0.018056
1 0.308203 0.538889 0.007031 0.016667
1 0.196484 0.538889 0.008594 0.019444
