0 0.266797 0.723611 0.047656 0.091667
3 0.461719 0.615972 0.028125 0.087500
1 0.737109 0.636111 0.027344 0.052778
0 0.492188 0.609722 0.018750 0.044444
0 0.388281 0.536111 0.006250 0.016667
0 0.487109 0.549306 0.008594 0.020833
0 0.245312 0.536111 0.007812 0.019444
0 0.772266 0.544444 0.008594 0.019444
0 0.323828 0.534722 0.007031 0.016667
2 0.579297 0.536111 0.005469 0.016667
0 0.442578 0.539583 0.007031 0.018056
0 0.728516 0.545833 0.008594 0.019444
0 0.912109 0.547222 0.010156 0.019444
1 0.524609 0.537500 0.007031 0.016667
