3 0.708594 0.647222 0.039062 0.111111
1 0.787500 0.746528 0.056250 0.101389
0 0.338281 0.716667 0.040625 0.086111
3 0.957422 0.868750 0.085156 0.262500
3 0.197266 0.817361 0.069531 0.254167
0 0.653906 0.548611 0.009375 0.022222
0 0.692578 0.546528 0.008594 0.020833
1 0.432422 0.545833 0.007031 0.019444
0 0.378906 0.566667 0.010937 0.027778
0 0.245703 0.549306 0.008594 0.020833
0 0.322266 0.553472 0.010156 0.023611
2 0.496484 0.542361 0.007031 0.018056
0 0.807031 0.545139 0.009375 0.020833
0 0.141797 0.550000 0.010156 0.022222
0 0.409375 0.598611 0.014063 0.036111
2 0.582422 0.543750 0.007031 0.020833
1 0.398828 0.541667 0.007031 0.016667
1 0.195703 0.538889 0.008594 0.019444
1 0.308203 0.538889 0.007031 0.016667
