2 0.928516 0.836111 0.121094 0.272222
0 0.369141 0.690972 0.035156 0.076389
1 0.772266 0.723611 0.049219 0.091667
3 0.274219 0.752778 0.067187 0.186111
2 0.706250 0.637500 0.037500 0.102778
0 0.394922 0.563194 0.011719 0.026389
0 0.339844 0.551389 0.009375 0.022222
0 0.267578 0.546528 0.008594 0.020833
0 0.662109 0.547917 0.008594 0.020833
0 0.701953 0.545833 0.008594 0.019444
0 0.171484 0.547917 0.008594 0.020833
0 0.818359 0.545833 0.008594 0.019444
2 0.507812 0.540972 0.006250 0.018056
1 0.444922 0.543750 0.007031 0.018056
2 0.414844 0.626389 0.028125 0.086111
2 0.591797 0.543056 0.007031 0.019444
0 0.425781 0.594444 0.014063 0.036111
0 0.034375 0.554861 0.012500 0.023611
1 0.325391 0.536806 0.007031 0.018056
1 0.219922 0.537500 0.007031 0.016667
0 0.988281 0.550694 0.010937 0.023611
