3 0.833594 0.736111 0.075000 0.186111
1 0.750391 0.681250 0.038281 0.073611
3 0.706250 0.618056 0.029687 0.088889
3 0.369531 0.679861 0.043750 0.137500
0 0.422266 0.650000 0.017969 0.058333
0 0.685547 0.547222 0.008594 0.019444
0 0.316797 0.540972 0.007031 0.018056
0 0.381250 0.545833 0.007812 0.019444
0 0.431250 0.556944 0.009375 0.022222
0 0.726172 0.545833 0.008594 0.019444
0 0.849609 0.545139 0.010156 0.020833
0 0.127344 0.546528 0.009375 0.020833
0 0.235547 0.541667 0.008594 0.019444
2 0.615625 0.540972 0.007812 0.018056
2 0.533594 0.538194 0.006250 0.015278
2 0.456641 0.609028 0.022656 0.059722
1 0.444531 0.538194 0.006250 0.015278
1 0.475000 0.540972 0.006250 0.018056
1 0.152734 0.537500 0.007031 0.016667
