0 0.141016 0.816667 0.075781 0.136111
1 0.740625 0.652778 0.031250 0.061111
3 0.791016 0.683333 0.053906 0.141667
0 0.465234 0.625000 0.022656 0.047222
3 0.710547 0.605556 0.028906 0.075000
0 0.463281 0.552778 0.009375 0.022222
0 0.286719 0.537500 0.007812 0.019444
0 0.416406 0.542361 0.007812 0.018056
0 0.357422 0.538194 0.007031 0.018056
1 0.502344 0.538889 0.006250 0.016667
0 0.751172 0.544444 0.008594 0.019444
0 0.708203 0.545833 0.008594 0.019444
0 0.197266 0.540278 0.008594 0.019444
3 0.424609 0.636111 0.027344 0.100000
2 0.639453 0.540278 0.007031 0.016667
2 0.558594 0.537500 0.006250 0.016667
0 0.883594 0.546528 0.009375 0.020833
0 0.076172 0.546528 0.008594 0.023611
1 0.317188 0.531250 0.006250 0.015278
2 0.488281 0.593056 0.018750 0.050000
1 0.950781 0.565972 0.025000 0.029167
