0 0.369531 0.689583 0.034375 0.076389
2 0.926953 0.836111 0.121094 0.269444
1 0.771875 0.722917 0.050000 0.090278
3 0.275000 0.752083 0.067187 0.187500
2 0.706250 0.637500 0.037500 0.102778
0 0.395313 0.563194 0.010937 0.026389
0 0.340625 0.551389 0.009375 0.022222
0 0.268359 0.546528 0.008594 0.020833
0 0.662891 0.547917 0.008594 0.020833
0 0.171875 0.547917 0.009375 0.020833
0 0.702344 0.545833 0.007812 0.019444
0 0.818750 0.545833 0.007812 0.019444
0 0.426172 0.594444 0.014844 0.036111
2 0.507812 0.540972 0.006250 0.018056
1 0.445312 0.544444 0.007812 0.019444
2 0.592187 0.543056 0.006250 0.019444
0 0.035547 0.555556 0.013281 0.022222
1 0.325781 0.536806 0.007812 0.018056
1 0.412891 0.540972 0.007031 0.018056
1 0.220312 0.536806 0.007812 0.018056
