0 0.195703 0.754861 0.057031 0.104167
0 0.241406 0.615972 0.025000 0.045833
0 0.178906 0.584028 0.018750 0.031944
0 0.064062 0.577083 0.020313 0.029167
0 0.668750 0.567361 0.010937 0.026389
1 0.321484 0.559722 0.010156 0.025000
0 0.714453 0.561111 0.011719 0.025000
1 0.365234 0.565278 0.010156 0.025000
1 0.973828 0.579861 0.019531 0.031944
2 0.571875 0.558333 0.009375 0.025000
2 0.457813 0.559028 0.009375 0.023611
0 0.848437 0.557639 0.012500 0.023611
1 0.022266 0.558333 0.014844 0.022222
1 0.196875 0.554861 0.010937 0.023611
2 0.476172 0.536111 0.005469 0.016667
2 0.550000 0.537500 0.006250 0.016667
