0 0.240234 0.717361 0.047656 0.087500
0 0.260156 0.607639 0.023438 0.043056
0 0.661719 0.563194 0.010937 0.026389
1 0.371094 0.562500 0.010937 0.025000
1 0.328125 0.556944 0.009375 0.022222
0 0.196484 0.579167 0.016406 0.033333
0 0.706250 0.558333 0.010937 0.025000
0 0.086328 0.573611 0.014844 0.027778
1 0.950000 0.576389 0.018750 0.027778
2 0.459375 0.556250 0.009375 0.023611
2 0.569531 0.556250 0.009375 0.023611
0 0.835156 0.554861 0.010937 0.023611
2 0.476953 0.536111 0.005469 0.016667
2 0.548828 0.535417 0.007031 0.018056
1 0.207813 0.551389 0.010937 0.022222
1 0.039844 0.556250 0.014063 0.020833
