3 0.145703 0.856250 0.094531 0.284722
0 0.301953 0.663889 0.035156 0.063889
2 0.937500 0.863889 0.121875 0.272222
0 0.292187 0.593056 0.018750 0.036111
1 0.381641 0.556944 0.010156 0.022222
0 0.648047 0.559028 0.010156 0.023611
0 0.227344 0.570833 0.015625 0.033333
0 0.125781 0.566667 0.014063 0.027778
0 0.689844 0.554167 0.009375 0.022222
1 0.341406 0.552778 0.009375 0.022222
2 0.564453 0.552083 0.008594 0.023611
0 0.810937 0.550000 0.009375 0.022222
1 0.905469 0.569444 0.015625 0.025000
2 0.462891 0.551389 0.008594 0.022222
1 0.930078 0.582639 0.027344 0.029167
1 0.074609 0.552083 0.011719 0.023611
0 0.984375 0.555556 0.012500 0.022222
