3 0.146875 0.855556 0.093750 0.283333
0 0.301953 0.663889 0.035156 0.063889
0 0.292187 0.593056 0.018750 0.036111
1 0.381641 0.556944 0.010156 0.022222
0 0.648047 0.558333 0.010156 0.025000
0 0.227734 0.570833 0.014844 0.033333
2 0.936719 0.862500 0.123438 0.275000
0 0.125781 0.565972 0.014063 0.026389
0 0.689844 0.554167 0.009375 0.022222
1 0.341406 0.552778 0.009375 0.022222
2 0.564453 0.552083 0.008594 0.023611
0 0.810937 0.550000 0.009375 0.022222
2 0.462891 0.551389 0.008594 0.022222
1 0.905078 0.569444 0.016406 0.025000
1 0.075000 0.551389 0.010937 0.022222
1 0.929688 0.581944 0.028125 0.027778
3 0.936328 0.861806 0.122656 0.270833
1 0.228516 0.548611 0.010156 0.022222
