0 0.302344 0.663194 0.034375 0.065278
3 0.935156 0.861111 0.123438 0.275000
3 0.148438 0.852778 0.093750 0.280556
0 0.292187 0.593056 0.018750 0.036111
1 0.382422 0.556944 0.010156 0.022222
0 0.227734 0.570833 0.014844 0.033333
0 0.648047 0.558333 0.010156 0.025000
1 0.341797 0.552083 0.010156 0.023611
0 0.689844 0.554167 0.009375 0.022222
0 0.126172 0.565972 0.013281 0.026389
2 0.564453 0.552083 0.008594 0.023611
0 0.810547 0.550000 0.010156 0.022222
2 0.462891 0.551389 0.008594 0.022222
1 0.904687 0.569444 0.017188 0.025000
1 0.929297 0.581944 0.028906 0.027778
1 0.075000 0.552083 0.010937 0.020833
1 0.228516 0.548611 0.010156 0.022222
2 0.546094 0.534722 0.006250 0.016667
