0 0.195703 0.754861 0.057031 0.104167
0 0.241406 0.615972 0.025000 0.045833
0 0.178516 0.584028 0.019531 0.031944
0 0.063672 0.577083 0.021094 0.029167
1 0.321484 0.559722 0.010156 0.025000
0 0.668750 0.567361 0.010937 0.026389
0 0.714453 0.560417 0.011719 0.026389
1 0.365234 0.565278 0.010156 0.025000
1 0.974219 0.579861 0.020313 0.031944
2 0.571875 0.558333 0.009375 0.025000
2 0.457813 0.559028 0.009375 0.023611
0 0.848437 0.557639 0.012500 0.023611
1 0.021875 0.557639 0.014063 0.023611
1 0.197266 0.554861 0.011719 0.023611
2 0.476172 0.536111 0.005469 0.016667
2 0.550000 0.537500 0.006250 0.016667
