3 0.251953 0.751389 0.071094 0.197222
0 0.330078 0.640278 0.027344 0.052778
0 0.310156 0.584722 0.017188 0.033333
3 0.812891 0.764583 0.082031 0.204167
0 0.148828 0.561806 0.013281 0.026389
0 0.639844 0.554861 0.009375 0.023611
1 0.388281 0.554167 0.009375 0.022222
0 0.680078 0.550694 0.008594 0.023611
2 0.464844 0.548611 0.007812 0.022222
1 0.898828 0.577778 0.024219 0.025000
1 0.349609 0.549306 0.008594 0.020833
0 0.244922 0.566667 0.013281 0.027778
0 0.796094 0.547917 0.009375 0.020833
2 0.560937 0.549306 0.007812 0.020833
0 0.005859 0.565972 0.011719 0.026389
0 0.958984 0.552778 0.011719 0.022222
2 0.812500 0.766667 0.081250 0.208333
1 0.095703 0.549306 0.011719 0.020833
