3 0.252344 0.750694 0.070312 0.195833
0 0.330469 0.640278 0.028125 0.052778
3 0.812109 0.763889 0.082031 0.202778
0 0.310547 0.584722 0.016406 0.033333
0 0.149219 0.561806 0.014063 0.026389
0 0.639844 0.555556 0.009375 0.022222
1 0.388281 0.554167 0.009375 0.022222
0 0.680078 0.550694 0.008594 0.023611
1 0.898828 0.577778 0.024219 0.025000
2 0.464844 0.548611 0.007812 0.022222
1 0.349609 0.549306 0.008594 0.020833
0 0.245312 0.566667 0.012500 0.027778
0 0.796094 0.547917 0.009375 0.020833
2 0.560937 0.549306 0.007812 0.020833
0 0.005859 0.565972 0.011719 0.026389
0 0.958594 0.552778 0.012500 0.022222
1 0.095703 0.549306 0.011719 0.020833
