1 0.860156 0.845833 0.073438 0.147222
3 0.721094 0.684028 0.050000 0.143056
0 0.210547 0.830556 0.067969 0.141667
3 0.323047 0.677778 0.046094 0.138889
0 0.357812 0.617361 0.021875 0.043056
0 0.330469 0.576389 0.014063 0.030556
1 0.396094 0.549306 0.007812 0.020833
0 0.630078 0.550694 0.008594 0.020833
0 0.267188 0.561111 0.010937 0.025000
0 0.668359 0.546528 0.008594 0.020833
0 0.176563 0.557639 0.010937 0.023611
0 0.045703 0.560417 0.014844 0.026389
2 0.467187 0.546528 0.007812 0.020833
1 0.359375 0.546528 0.007812 0.018056
0 0.777734 0.544444 0.008594 0.019444
2 0.557422 0.546528 0.007031 0.020833
0 0.928125 0.549306 0.010937 0.023611
1 0.121484 0.545139 0.010156 0.020833
1 0.256641 0.543056 0.008594 0.019444
