0 0.089063 0.845833 0.093750 0.147222
0 0.205859 0.632639 0.030469 0.051389
0 0.146875 0.592361 0.021875 0.037500
1 0.179297 0.556944 0.011719 0.022222
1 0.309375 0.563889 0.012500 0.025000
0 0.027344 0.583333 0.023438 0.033333
0 0.681250 0.570833 0.012500 0.027778
1 0.356250 0.569444 0.012500 0.027778
2 0.455469 0.561111 0.009375 0.025000
0 0.729297 0.565972 0.011719 0.026389
2 0.577344 0.563194 0.009375 0.026389
2 0.551953 0.539583 0.007031 0.018056
2 0.475000 0.539583 0.006250 0.018056
0 0.869922 0.560417 0.013281 0.023611
