0 0.241797 0.714583 0.047656 0.087500
0 0.261328 0.606944 0.022656 0.041667
0 0.197266 0.579167 0.016406 0.033333
1 0.328516 0.556944 0.010156 0.022222
1 0.371484 0.562500 0.010156 0.025000
0 0.661328 0.563194 0.011719 0.026389
0 0.705859 0.558333 0.010156 0.025000
0 0.087500 0.572917 0.017188 0.029167
2 0.459375 0.556250 0.009375 0.023611
2 0.569141 0.556250 0.008594 0.023611
1 0.948438 0.577083 0.017188 0.029167
0 0.834375 0.554167 0.010937 0.025000
2 0.476953 0.536111 0.005469 0.016667
2 0.548828 0.535417 0.007031 0.018056
1 0.208203 0.551389 0.010156 0.022222
1 0.040625 0.555556 0.014063 0.022222
