0 0.131250 0.656944 0.039062 0.061111
1 0.880469 0.656250 0.039062 0.062500
0 0.381641 0.590972 0.014844 0.034722
1 0.625781 0.590972 0.015625 0.034722
0 0.236328 0.534028 0.007031 0.018056
0 0.364844 0.534028 0.006250 0.015278
0 0.307422 0.532639 0.005469 0.015278
0 0.410156 0.535417 0.006250 0.018056
0 0.665234 0.527083 0.005469 0.015278
0 0.021484 0.545833 0.010156 0.019444
0 0.145313 0.536111 0.009375 0.022222
1 0.694922 0.531250 0.005469 0.015278
1 0.638281 0.533333 0.006250 0.016667
1 0.766406 0.533333 0.006250 0.016667
