0 0.026172 0.702778 0.050781 0.080556
0 0.362891 0.605556 0.017969 0.038889
1 0.981641 0.704167 0.036719 0.083333
1 0.644922 0.604861 0.019531 0.040278
0 0.223047 0.534722 0.007031 0.016667
0 0.357812 0.534722 0.006250 0.016667
0 0.298047 0.533333 0.007031 0.016667
1 0.242969 0.529861 0.006250 0.015278
1 0.779687 0.534722 0.006250 0.016667
0 0.404687 0.538194 0.006250 0.018056
1 0.704688 0.534028 0.006250 0.015278
1 0.645312 0.534722 0.006250 0.016667
2 0.530469 0.528472 0.004687 0.015278
0 0.671484 0.528472 0.005469 0.015278
