0 0.339844 0.623611 0.023438 0.047222
1 0.669531 0.622917 0.023438 0.048611
0 0.350391 0.536806 0.007031 0.018056
0 0.288281 0.535417 0.007812 0.018056
0 0.208594 0.536111 0.007812 0.019444
1 0.652344 0.536111 0.006250 0.016667
1 0.714844 0.534722 0.006250 0.016667
0 0.678906 0.529167 0.006250 0.013889
0 0.770703 0.530556 0.007031 0.016667
1 0.794922 0.536111 0.007031 0.019444
0 0.398828 0.541667 0.007031 0.019444
1 0.231641 0.530556 0.007031 0.016667
3 0.420312 0.572917 0.017188 0.051389
2 0.531641 0.529861 0.005469 0.015278
