1 0.757031 0.687500 0.042188 0.075000
0 0.258203 0.686806 0.039844 0.073611
0 0.332813 0.540972 0.007812 0.018056
0 0.264844 0.539583 0.007812 0.018056
1 0.670312 0.540972 0.007812 0.018056
0 0.175000 0.541667 0.009375 0.019444
0 0.413281 0.593750 0.014063 0.034722
0 0.385547 0.547222 0.008594 0.022222
1 0.593359 0.591667 0.014844 0.038889
0 0.050000 0.547222 0.009375 0.022222
1 0.738672 0.538889 0.007031 0.016667
0 0.695312 0.532639 0.006250 0.015278
1 0.828906 0.540972 0.007812 0.018056
2 0.533984 0.533333 0.005469 0.013889
2 0.468359 0.533333 0.005469 0.016667
0 0.937500 0.540278 0.009375 0.019444
1 0.206641 0.534722 0.007031 0.016667
1 0.065625 0.539583 0.007812 0.018056
