0 0.223828 0.714583 0.046094 0.087500
1 0.791797 0.714583 0.047656 0.084722
0 0.257812 0.540278 0.007812 0.019444
0 0.328125 0.542361 0.007812 0.018056
0 0.034766 0.549306 0.010156 0.023611
0 0.699609 0.533333 0.007031 0.016667
0 0.166016 0.542361 0.008594 0.018056
3 0.620703 0.604861 0.027344 0.076389
0 0.407813 0.599306 0.015625 0.037500
1 0.599609 0.598611 0.016406 0.038889
1 0.837891 0.541667 0.008594 0.019444
1 0.053906 0.540972 0.007812 0.018056
0 0.803516 0.534722 0.007031 0.016667
1 0.744922 0.540278 0.007031 0.019444
0 0.949609 0.541667 0.010156 0.019444
1 0.675000 0.542361 0.007812 0.018056
2 0.535156 0.534028 0.006250 0.015278
2 0.467578 0.534028 0.005469 0.015278
1 0.969141 0.549306 0.011719 0.020833
0 0.616406 0.536806 0.006250 0.018056
