0 0.223438 0.714583 0.046875 0.087500
1 0.792188 0.714583 0.048438 0.084722
0 0.328125 0.542361 0.007812 0.018056
0 0.257812 0.540278 0.007812 0.019444
0 0.034766 0.549306 0.010156 0.023611
0 0.699609 0.533333 0.007031 0.016667
0 0.166016 0.542361 0.008594 0.018056
1 0.838281 0.542361 0.009375 0.020833
0 0.407813 0.599306 0.015625 0.037500
1 0.053906 0.540972 0.007812 0.018056
1 0.599609 0.598611 0.016406 0.038889
1 0.744922 0.539583 0.007031 0.018056
0 0.803516 0.534722 0.007031 0.016667
3 0.621094 0.604861 0.026562 0.076389
1 0.675000 0.542361 0.007812 0.018056
0 0.949609 0.541667 0.010156 0.019444
2 0.535156 0.534028 0.006250 0.015278
2 0.467578 0.534028 0.005469 0.015278
1 0.969141 0.549306 0.011719 0.020833
0 0.616797 0.536806 0.007031 0.018056
