1 0.842187 0.750694 0.060937 0.101389
0 0.177344 0.750694 0.059375 0.104167
3 0.633203 0.615278 0.027344 0.086111
0 0.401953 0.605556 0.017969 0.041667
1 0.606641 0.606250 0.017969 0.043056
0 0.323437 0.543750 0.007812 0.018056
1 0.680469 0.543750 0.007812 0.018056
0 0.251172 0.541667 0.008594 0.019444
0 0.155469 0.545139 0.009375 0.020833
0 0.703906 0.533333 0.006250 0.016667
1 0.626563 0.550694 0.009375 0.020833
1 0.751953 0.540972 0.007031 0.018056
3 0.378125 0.616667 0.029687 0.083333
0 0.377734 0.552083 0.010156 0.023611
0 0.018750 0.550694 0.010937 0.020833
0 0.810547 0.535417 0.007031 0.018056
0 0.962500 0.542361 0.009375 0.018056
2 0.535937 0.534722 0.006250 0.016667
1 0.192188 0.535417 0.006250 0.015278
1 0.041016 0.542361 0.008594 0.018056
1 0.848047 0.544444 0.008594 0.019444
