1 0.844141 0.751389 0.061719 0.102778
0 0.175000 0.752778 0.059375 0.105556
3 0.633594 0.616667 0.028125 0.086111
1 0.606641 0.606250 0.017969 0.043056
0 0.401562 0.606250 0.017188 0.040278
1 0.680469 0.543750 0.007812 0.018056
0 0.322656 0.544444 0.007812 0.019444
0 0.155078 0.544444 0.008594 0.019444
1 0.626563 0.551389 0.009375 0.022222
0 0.251172 0.541667 0.008594 0.019444
0 0.017969 0.551389 0.010937 0.022222
0 0.704297 0.533333 0.007031 0.016667
0 0.377734 0.552083 0.010156 0.023611
3 0.377344 0.616667 0.029687 0.083333
1 0.752344 0.540972 0.007812 0.018056
0 0.811328 0.535417 0.007031 0.018056
0 0.962891 0.542361 0.010156 0.018056
1 0.986328 0.551389 0.011719 0.022222
1 0.191797 0.536111 0.007031 0.016667
1 0.040234 0.542361 0.008594 0.018056
1 0.848828 0.544444 0.008594 0.019444
