1 0.942969 0.827778 0.090625 0.138889
0 0.081641 0.828472 0.088281 0.137500
1 0.619141 0.616667 0.021094 0.047222
3 0.360547 0.629861 0.032031 0.098611
0 0.391016 0.618056 0.019531 0.044444
0 0.371484 0.554167 0.010156 0.022222
0 0.316016 0.545833 0.008594 0.019444
3 0.651563 0.631944 0.032813 0.100000
0 0.140625 0.546528 0.009375 0.020833
1 0.632812 0.553472 0.009375 0.023611
1 0.688281 0.545833 0.007812 0.019444
0 0.241016 0.544444 0.008594 0.019444
0 0.710547 0.534722 0.007031 0.016667
0 0.982031 0.544444 0.009375 0.019444
0 0.821875 0.536806 0.007812 0.018056
1 0.762500 0.543056 0.007812 0.019444
0 0.623828 0.536111 0.007031 0.019444
2 0.537109 0.536111 0.005469 0.016667
2 0.465625 0.534722 0.006250 0.016667
1 0.863281 0.545833 0.009375 0.022222
1 0.181641 0.536806 0.007031 0.018056
1 0.378516 0.537500 0.007031 0.016667
