1 0.945312 0.829167 0.090625 0.138889
0 0.079687 0.829861 0.089063 0.137500
1 0.619531 0.616667 0.020313 0.047222
3 0.359766 0.631250 0.032031 0.098611
0 0.390625 0.617361 0.018750 0.043056
0 0.371484 0.554167 0.010156 0.022222
3 0.651953 0.632639 0.032031 0.098611
0 0.316016 0.546528 0.008594 0.020833
1 0.632812 0.553472 0.009375 0.023611
0 0.140625 0.546528 0.009375 0.020833
1 0.688281 0.545833 0.007812 0.019444
0 0.240625 0.544444 0.007812 0.019444
0 0.710547 0.534028 0.007031 0.018056
0 0.982031 0.544444 0.009375 0.019444
0 0.821875 0.536806 0.007812 0.018056
1 0.762891 0.543056 0.008594 0.019444
0 0.623828 0.536806 0.007031 0.018056
2 0.537109 0.536111 0.005469 0.016667
2 0.465625 0.534722 0.006250 0.016667
1 0.863281 0.545833 0.009375 0.022222
1 0.181250 0.536806 0.007812 0.018056
2 0.596875 0.588194 0.018750 0.054167
