3 0.333594 0.656944 0.039062 0.116667
3 0.680078 0.656250 0.039844 0.115278
1 0.635938 0.634028 0.025000 0.054167
0 0.375391 0.634028 0.022656 0.051389
1 0.640625 0.556944 0.009375 0.022222
0 0.364063 0.556944 0.009375 0.022222
0 0.305859 0.547917 0.008594 0.020833
0 0.228516 0.546528 0.008594 0.020833
1 0.697656 0.547917 0.007812 0.020833
0 0.719141 0.535417 0.007031 0.018056
0 0.121875 0.548611 0.009375 0.022222
1 0.167969 0.538889 0.007812 0.019444
0 0.597266 0.540278 0.007031 0.016667
2 0.608203 0.598611 0.021094 0.058333
0 0.629297 0.538889 0.007031 0.016667
1 0.283594 0.536111 0.006250 0.016667
2 0.464062 0.536806 0.006250 0.015278
2 0.539062 0.537500 0.006250 0.016667
0 0.834766 0.538194 0.008594 0.020833
1 0.775391 0.545139 0.008594 0.020833
1 0.406250 0.540972 0.006250 0.015278
2 0.400000 0.601389 0.020313 0.052778
1 0.373828 0.538889 0.007031 0.016667
