0 0.350391 0.659722 0.030469 0.063889
2 0.731250 0.702778 0.057813 0.155556
1 0.662109 0.661111 0.032031 0.063889
3 0.286328 0.702778 0.055469 0.158333
0 0.293359 0.551389 0.010156 0.022222
0 0.353125 0.561111 0.010937 0.025000
1 0.710547 0.551389 0.008594 0.022222
1 0.651563 0.561111 0.010937 0.025000
0 0.210938 0.548611 0.009375 0.022222
0 0.729688 0.538194 0.007812 0.018056
1 0.792188 0.547917 0.009375 0.020833
1 0.367188 0.540278 0.006250 0.016667
0 0.635547 0.540972 0.007031 0.018056
1 0.401172 0.543750 0.007031 0.018056
1 0.273047 0.537500 0.007031 0.016667
2 0.540625 0.539583 0.006250 0.018056
0 0.851953 0.540278 0.008594 0.019444
0 0.602734 0.543056 0.007031 0.019444
2 0.461719 0.539583 0.006250 0.018056
1 0.151562 0.539583 0.007812 0.018056
0 0.098047 0.552083 0.010156 0.023611
