0 0.350391 0.661111 0.030469 0.063889
2 0.731250 0.703472 0.057813 0.156944
3 0.285547 0.702778 0.055469 0.158333
1 0.662500 0.661806 0.032813 0.065278
0 0.293359 0.551389 0.010156 0.022222
0 0.353125 0.561111 0.010937 0.025000
1 0.651953 0.561111 0.010156 0.025000
1 0.710938 0.551389 0.009375 0.022222
0 0.210938 0.548611 0.009375 0.022222
1 0.792969 0.547917 0.009375 0.020833
0 0.730078 0.537500 0.007031 0.016667
1 0.367188 0.540278 0.006250 0.016667
1 0.401172 0.543750 0.007031 0.018056
0 0.635547 0.540972 0.007031 0.018056
1 0.273047 0.537500 0.007031 0.016667
2 0.540625 0.538889 0.006250 0.016667
0 0.602734 0.543750 0.007031 0.018056
0 0.851953 0.540278 0.008594 0.019444
2 0.461719 0.539583 0.006250 0.018056
1 0.151172 0.539583 0.007031 0.018056
0 0.097266 0.552083 0.010156 0.023611
