3 0.244141 0.745139 0.069531 0.190278
3 0.776563 0.745833 0.070312 0.188889
1 0.683203 0.683333 0.036719 0.072222
0 0.330859 0.682639 0.035156 0.073611
2 0.637109 0.620833 0.028906 0.083333
0 0.346484 0.564583 0.011719 0.026389
1 0.658203 0.563889 0.011719 0.027778
1 0.718750 0.553472 0.009375 0.020833
0 0.201172 0.550694 0.010156 0.020833
0 0.285547 0.554167 0.010156 0.022222
0 0.735938 0.538889 0.007812 0.016667
1 0.363672 0.540972 0.007031 0.018056
0 0.605469 0.544444 0.007812 0.019444
2 0.460938 0.540278 0.006250 0.019444
1 0.803125 0.550694 0.009375 0.020833
0 0.082031 0.554167 0.010937 0.022222
2 0.541797 0.540972 0.007031 0.018056
0 0.640234 0.540972 0.007031 0.018056
1 0.397656 0.545139 0.007812 0.018056
1 0.267188 0.538194 0.007812 0.018056
2 0.373437 0.621528 0.031250 0.081944
0 0.382422 0.593750 0.013281 0.034722
1 0.141016 0.540972 0.008594 0.018056
0 0.862109 0.542361 0.008594 0.018056
