3 0.242969 0.745833 0.070312 0.191667
0 0.330469 0.683333 0.035937 0.075000
1 0.683594 0.683333 0.037500 0.072222
3 0.778125 0.746528 0.073438 0.190278
2 0.637109 0.621528 0.028906 0.084722
0 0.346094 0.564583 0.010937 0.026389
1 0.658203 0.564583 0.011719 0.026389
1 0.718750 0.553472 0.009375 0.020833
0 0.200781 0.550694 0.009375 0.020833
0 0.285156 0.554167 0.009375 0.022222
0 0.735938 0.538194 0.007812 0.018056
0 0.605469 0.544444 0.007812 0.019444
1 0.363672 0.540972 0.007031 0.018056
2 0.460938 0.540278 0.006250 0.019444
1 0.803125 0.550694 0.009375 0.020833
0 0.081641 0.554167 0.011719 0.022222
2 0.541797 0.540972 0.007031 0.018056
0 0.640234 0.540972 0.007031 0.018056
1 0.397656 0.545139 0.007812 0.018056
1 0.266797 0.538889 0.007031 0.016667
2 0.373047 0.622917 0.030469 0.081944
0 0.382422 0.593750 0.013281 0.034722
0 0.862500 0.542361 0.009375 0.018056
1 0.140234 0.540972 0.008594 0.018056
