0 0.265625 0.754861 0.053125 0.104167
3 0.078516 0.877778 0.111719 0.244444
1 0.754297 0.756250 0.055469 0.104167
3 0.949609 0.878472 0.100781 0.240278
3 0.339844 0.651389 0.037500 0.111111
1 0.648047 0.605556 0.017969 0.041667
0 0.360938 0.606944 0.018750 0.041667
0 0.329688 0.571528 0.012500 0.029167
0 0.266406 0.558333 0.010937 0.025000
0 0.613281 0.547917 0.007812 0.020833
3 0.673438 0.651389 0.039062 0.111111
0 0.175391 0.555556 0.010156 0.022222
1 0.390625 0.548611 0.007812 0.019444
0 0.044531 0.559722 0.014063 0.025000
1 0.828125 0.554861 0.010937 0.023611
1 0.738672 0.557639 0.010156 0.023611
0 0.751563 0.541667 0.007812 0.019444
1 0.676172 0.572222 0.011719 0.027778
1 0.960938 0.559028 0.015625 0.023611
0 0.649219 0.544444 0.007812 0.019444
1 0.353906 0.545139 0.007812 0.018056
0 0.887109 0.545139 0.008594 0.018056
2 0.544531 0.543750 0.006250 0.018056
2 0.458203 0.543750 0.007031 0.018056
