1 0.754687 0.757639 0.056250 0.104167
0 0.264453 0.756944 0.053906 0.105556
3 0.075391 0.877778 0.113281 0.244444
3 0.339453 0.650694 0.036719 0.112500
3 0.950000 0.877778 0.100000 0.238889
1 0.648047 0.606250 0.017969 0.040278
0 0.360938 0.606944 0.018750 0.041667
0 0.329688 0.571528 0.012500 0.029167
0 0.266406 0.558333 0.010937 0.025000
0 0.175000 0.555556 0.010937 0.022222
3 0.673828 0.652083 0.038281 0.112500
0 0.613281 0.547917 0.007812 0.020833
1 0.390625 0.548611 0.007812 0.019444
0 0.043750 0.559722 0.014063 0.025000
1 0.739062 0.557639 0.010937 0.023611
1 0.828906 0.554861 0.010937 0.023611
1 0.676172 0.572222 0.011719 0.027778
0 0.650000 0.545139 0.007812 0.018056
1 0.961328 0.559722 0.014844 0.022222
1 0.353906 0.545139 0.007812 0.018056
0 0.751563 0.541667 0.007812 0.019444
0 0.887109 0.545139 0.008594 0.018056
2 0.544922 0.543750 0.007031 0.018056
2 0.458203 0.543750 0.007031 0.018056
