1 0.754687 0.757639 0.056250 0.104167
0 0.264453 0.757639 0.053906 0.104167
3 0.075000 0.877778 0.114062 0.244444
3 0.339062 0.651389 0.037500 0.113889
3 0.950781 0.876389 0.098437 0.238889
0 0.360938 0.606944 0.018750 0.041667
1 0.648047 0.606250 0.017969 0.040278
0 0.329688 0.571528 0.012500 0.029167
0 0.266016 0.559028 0.010156 0.023611
0 0.613672 0.547917 0.008594 0.020833
0 0.175000 0.555556 0.010937 0.022222
3 0.674219 0.652083 0.039062 0.112500
1 0.390625 0.548611 0.007812 0.019444
0 0.043750 0.559722 0.014063 0.025000
1 0.739062 0.557639 0.010937 0.023611
1 0.676172 0.572222 0.011719 0.027778
1 0.828906 0.554861 0.010937 0.023611
1 0.353906 0.545139 0.007812 0.018056
0 0.649219 0.544444 0.007812 0.019444
0 0.751563 0.541667 0.007812 0.019444
1 0.961328 0.559028 0.014844 0.023611
0 0.887500 0.545139 0.007812 0.018056
2 0.544531 0.543750 0.006250 0.018056
2 0.458203 0.543750 0.007031 0.018056
