0 0.223438 0.802778 0.067187 0.125000
1 0.800781 0.802778 0.067187 0.127778
3 0.321484 0.668750 0.044531 0.129167
1 0.658203 0.613889 0.022656 0.044444
0 0.351562 0.613889 0.020313 0.041667
3 0.692578 0.668750 0.046094 0.129167
0 0.257422 0.560417 0.011719 0.026389
1 0.747266 0.560417 0.011719 0.026389
0 0.321875 0.576389 0.014063 0.030556
1 0.387109 0.549306 0.008594 0.020833
0 0.027734 0.561111 0.014844 0.025000
0 0.164453 0.557639 0.011719 0.023611
0 0.654297 0.546528 0.008594 0.020833
0 0.616797 0.549306 0.008594 0.020833
1 0.839844 0.557639 0.012500 0.023611
1 0.684766 0.575000 0.013281 0.027778
1 0.349609 0.545833 0.008594 0.019444
1 0.977734 0.560417 0.016406 0.023611
1 0.105469 0.546528 0.009375 0.020833
2 0.457422 0.545139 0.007031 0.020833
0 0.898438 0.546528 0.009375 0.020833
2 0.545703 0.545139 0.007031 0.020833
1 0.245312 0.543750 0.007812 0.018056
0 0.758203 0.543056 0.008594 0.019444
