1 0.922266 0.928472 0.080469 0.143056
1 0.672656 0.631250 0.025000 0.051389
2 0.737109 0.716667 0.061719 0.166667
0 0.078516 0.936806 0.085156 0.126389
0 0.318750 0.633333 0.026562 0.052778
0 0.295312 0.583333 0.017188 0.030556
1 0.691797 0.581250 0.016406 0.029167
0 0.126172 0.562500 0.013281 0.025000
0 0.228516 0.566667 0.013281 0.027778
1 0.371875 0.552778 0.009375 0.022222
0 0.616016 0.551389 0.008594 0.022222
1 0.332813 0.549306 0.009375 0.020833
0 0.653906 0.549306 0.009375 0.020833
1 0.850000 0.559722 0.012500 0.025000
2 0.447656 0.547917 0.007812 0.020833
2 0.541406 0.547222 0.007812 0.022222
0 0.904687 0.547917 0.009375 0.020833
2 0.258203 0.721528 0.063281 0.170833
1 0.755078 0.562500 0.013281 0.030556
1 0.991406 0.563889 0.015625 0.025000
