1 0.921875 0.927778 0.079687 0.144444
1 0.673047 0.631250 0.025781 0.051389
0 0.079297 0.936111 0.085156 0.127778
2 0.737109 0.716667 0.061719 0.166667
0 0.319141 0.633333 0.025781 0.052778
0 0.295703 0.583333 0.016406 0.030556
1 0.692187 0.581944 0.015625 0.030556
0 0.228516 0.566667 0.013281 0.027778
0 0.126562 0.562500 0.012500 0.025000
1 0.371875 0.552778 0.009375 0.022222
0 0.616016 0.551389 0.008594 0.022222
1 0.332813 0.549306 0.009375 0.020833
0 0.654297 0.548611 0.008594 0.022222
1 0.850000 0.559722 0.012500 0.025000
2 0.447656 0.547917 0.007812 0.020833
2 0.541406 0.547222 0.007812 0.022222
0 0.904687 0.547917 0.009375 0.020833
1 0.755078 0.562500 0.013281 0.030556
2 0.258203 0.721528 0.063281 0.170833
1 0.991406 0.563889 0.015625 0.025000
