3 0.126953 0.818750 0.103906 0.256944
3 0.762109 0.755556 0.061719 0.175000
0 0.258594 0.660417 0.034375 0.062500
1 0.668750 0.645833 0.029687 0.058333
0 0.245703 0.594444 0.019531 0.036111
1 0.340234 0.556944 0.010156 0.022222
1 0.831641 0.560417 0.013281 0.026389
1 0.680078 0.585417 0.016406 0.034722
0 0.599219 0.554861 0.009375 0.023611
1 0.965234 0.563194 0.017969 0.026389
0 0.051172 0.572222 0.017969 0.027778
1 0.296484 0.554167 0.010156 0.022222
0 0.637109 0.550000 0.008594 0.019444
0 0.171484 0.574306 0.016406 0.034722
2 0.423438 0.551389 0.007812 0.022222
0 0.878516 0.547917 0.010156 0.020833
1 0.739844 0.565278 0.014063 0.030556
2 0.522266 0.550000 0.008594 0.022222
