3 0.762109 0.754861 0.061719 0.173611
0 0.258984 0.660417 0.035156 0.062500
1 0.668750 0.645833 0.029687 0.058333
3 0.127734 0.818056 0.103906 0.255556
0 0.245703 0.594444 0.019531 0.036111
1 0.340234 0.557639 0.010156 0.020833
1 0.680078 0.585417 0.016406 0.034722
1 0.831641 0.560417 0.013281 0.026389
0 0.599219 0.555556 0.009375 0.022222
1 0.965234 0.563194 0.017969 0.026389
0 0.051562 0.571528 0.018750 0.029167
1 0.297266 0.554167 0.010156 0.022222
0 0.637109 0.550694 0.008594 0.020833
0 0.171875 0.574306 0.015625 0.034722
2 0.423438 0.551389 0.007812 0.022222
0 0.878516 0.547222 0.010156 0.019444
1 0.739844 0.565278 0.014063 0.030556
2 0.522266 0.550000 0.008594 0.022222
