0 0.212500 0.681250 0.039062 0.073611
3 0.033984 0.872917 0.067969 0.251389
1 0.667578 0.656944 0.030469 0.061111
0 0.210938 0.602778 0.021875 0.038889
1 0.320312 0.560417 0.010937 0.023611
3 0.800391 0.781944 0.049219 0.163889
0 0.589063 0.556250 0.009375 0.023611
1 0.273828 0.556944 0.010156 0.022222
1 0.821094 0.561111 0.012500 0.025000
0 0.132422 0.579861 0.017969 0.034722
1 0.950781 0.562500 0.015625 0.027778
0 0.627344 0.551389 0.009375 0.022222
0 0.863672 0.547222 0.010156 0.022222
1 0.674219 0.589583 0.017188 0.034722
1 0.732422 0.565972 0.013281 0.031944
2 0.408203 0.552083 0.008594 0.023611
2 0.510938 0.551389 0.007812 0.022222
