3 0.033594 0.872917 0.067187 0.251389
0 0.212109 0.681250 0.039844 0.073611
1 0.667188 0.656944 0.031250 0.061111
0 0.210547 0.602778 0.022656 0.038889
1 0.319531 0.560417 0.010937 0.023611
0 0.589063 0.556250 0.009375 0.023611
3 0.800781 0.781250 0.048438 0.162500
1 0.273828 0.556944 0.010156 0.022222
1 0.821094 0.561111 0.012500 0.025000
1 0.950391 0.562500 0.014844 0.027778
0 0.132422 0.580556 0.017969 0.033333
0 0.627344 0.551389 0.009375 0.022222
0 0.863672 0.547222 0.010156 0.022222
1 0.674219 0.589583 0.017188 0.034722
1 0.732422 0.565972 0.013281 0.031944
2 0.408203 0.552083 0.008594 0.023611
2 0.510547 0.551389 0.008594 0.022222
