3 0.033594 0.872917 0.067187 0.248611
0 0.211719 0.681944 0.039062 0.072222
1 0.667188 0.657639 0.031250 0.062500
0 0.210156 0.602778 0.023438 0.038889
1 0.319531 0.560417 0.010937 0.023611
1 0.273438 0.556944 0.010937 0.022222
0 0.589063 0.556250 0.009375 0.023611
3 0.801172 0.781250 0.049219 0.162500
1 0.820703 0.561111 0.013281 0.025000
1 0.950391 0.562500 0.014844 0.027778
0 0.863672 0.547222 0.010156 0.022222
0 0.627344 0.551389 0.009375 0.022222
0 0.131641 0.579861 0.017969 0.034722
1 0.674219 0.589583 0.017188 0.034722
1 0.732422 0.566667 0.013281 0.030556
2 0.510547 0.551389 0.008594 0.022222
2 0.408203 0.552083 0.008594 0.023611
