0 0.098437 0.629861 0.034375 0.048611
0 0.037891 0.765972 0.072656 0.106944
1 0.669141 0.693056 0.038281 0.077778
1 0.659766 0.597917 0.017969 0.037500
1 0.796875 0.561806 0.014063 0.026389
1 0.207813 0.565278 0.014063 0.027778
1 0.262500 0.569444 0.014063 0.027778
0 0.565234 0.559722 0.010156 0.025000
0 0.830859 0.545833 0.010156 0.022222
0 0.011328 0.600694 0.022656 0.037500
1 0.036328 0.563889 0.017969 0.027778
0 0.603906 0.553472 0.009375 0.023611
1 0.713281 0.570139 0.012500 0.029167
2 0.367578 0.559028 0.008594 0.023611
2 0.481641 0.556250 0.008594 0.023611
2 0.390625 0.536806 0.006250 0.018056
0 0.705078 0.546528 0.008594 0.020833
1 0.916797 0.561806 0.014844 0.026389
2 0.466016 0.536111 0.005469 0.016667
