0 0.099609 0.629861 0.033594 0.048611
1 0.669141 0.693056 0.038281 0.077778
0 0.038672 0.765278 0.074219 0.105556
1 0.659766 0.597917 0.017969 0.037500
1 0.208984 0.565278 0.014844 0.027778
1 0.796875 0.561806 0.014063 0.026389
1 0.263281 0.569444 0.014063 0.027778
0 0.831250 0.546528 0.009375 0.020833
0 0.565625 0.559722 0.009375 0.025000
0 0.011328 0.600694 0.022656 0.037500
0 0.604297 0.554167 0.008594 0.022222
2 0.367969 0.559028 0.009375 0.023611
1 0.713672 0.570139 0.013281 0.029167
2 0.481641 0.555556 0.008594 0.022222
2 0.391406 0.536806 0.006250 0.018056
1 0.037500 0.563889 0.017188 0.025000
0 0.705078 0.546528 0.008594 0.020833
1 0.917188 0.561806 0.015625 0.023611
2 0.466797 0.536111 0.005469 0.016667
