0 0.099219 0.629861 0.034375 0.048611
0 0.038281 0.765972 0.073438 0.106944
1 0.668750 0.693056 0.037500 0.077778
1 0.659766 0.597917 0.017969 0.037500
1 0.208594 0.565278 0.014063 0.027778
1 0.796875 0.561806 0.014063 0.026389
1 0.262500 0.569444 0.014063 0.027778
0 0.830859 0.545833 0.010156 0.022222
0 0.565234 0.559028 0.010156 0.023611
0 0.010937 0.600694 0.021875 0.037500
0 0.603906 0.554167 0.009375 0.022222
2 0.367969 0.559028 0.009375 0.023611
1 0.713672 0.570139 0.013281 0.029167
2 0.481641 0.555556 0.008594 0.022222
1 0.036328 0.563889 0.016406 0.025000
2 0.391406 0.536806 0.006250 0.018056
0 0.705078 0.546528 0.008594 0.020833
2 0.466016 0.536111 0.005469 0.016667
