1 0.676172 0.730556 0.044531 0.094444
1 0.649609 0.604861 0.019531 0.040278
1 0.212891 0.577778 0.016406 0.030556
0 0.587500 0.556250 0.009375 0.023611
1 0.780859 0.562500 0.013281 0.025000
1 0.896094 0.562500 0.015625 0.025000
0 0.548047 0.562500 0.010156 0.025000
1 0.700391 0.572917 0.013281 0.029167
2 0.334766 0.563194 0.010156 0.026389
1 0.150781 0.574306 0.017188 0.029167
0 0.809375 0.546528 0.009375 0.020833
0 0.688672 0.547917 0.008594 0.020833
2 0.459375 0.559028 0.009375 0.023611
2 0.364063 0.539583 0.006250 0.018056
0 0.984766 0.552083 0.011719 0.023611
2 0.444531 0.538194 0.006250 0.018056
