1 0.693359 0.829167 0.047656 0.144444
1 0.116016 0.594444 0.024219 0.038889
1 0.635938 0.618750 0.021875 0.045833
0 0.520703 0.568750 0.010156 0.026389
1 0.682422 0.578472 0.013281 0.029167
0 0.562891 0.559722 0.010156 0.025000
1 0.758594 0.564583 0.012500 0.026389
1 0.866016 0.561806 0.014844 0.026389
0 0.779687 0.545833 0.009375 0.019444
0 0.663672 0.548611 0.008594 0.022222
2 0.277734 0.573611 0.013281 0.030556
1 0.036719 0.590972 0.025000 0.034722
2 0.423828 0.565278 0.010156 0.027778
2 0.319531 0.544444 0.007812 0.019444
0 0.941016 0.551389 0.011719 0.022222
2 0.410156 0.540972 0.007812 0.020833
