1 0.692969 0.829167 0.048438 0.144444
1 0.635938 0.618750 0.021875 0.045833
1 0.117188 0.593750 0.023438 0.037500
1 0.682813 0.578472 0.014063 0.029167
0 0.563281 0.559722 0.009375 0.025000
0 0.521094 0.568750 0.010937 0.026389
1 0.038281 0.590278 0.025000 0.036111
1 0.758984 0.564583 0.013281 0.026389
1 0.866016 0.561111 0.014844 0.025000
2 0.278125 0.573611 0.012500 0.030556
0 0.779687 0.545833 0.009375 0.019444
0 0.664062 0.548611 0.009375 0.022222
2 0.424219 0.565278 0.010937 0.027778
0 0.941406 0.551389 0.010937 0.022222
2 0.320312 0.544444 0.007812 0.019444
2 0.410547 0.540972 0.007031 0.020833
