1 0.630859 0.625694 0.024219 0.048611
1 0.069531 0.602778 0.026562 0.038889
1 0.856641 0.561806 0.014844 0.026389
1 0.675781 0.581250 0.014063 0.031944
0 0.553516 0.561111 0.010156 0.025000
0 0.510156 0.570139 0.010937 0.026389
2 0.409375 0.568056 0.010937 0.027778
2 0.252344 0.578472 0.014063 0.031944
1 0.751172 0.565278 0.011719 0.027778
0 0.769141 0.546528 0.010156 0.020833
0 0.654687 0.548611 0.009375 0.022222
0 0.925781 0.551389 0.010937 0.022222
2 0.301563 0.545833 0.007812 0.022222
1 0.707422 0.884722 0.046094 0.161111
