1 0.630859 0.626389 0.024219 0.050000
1 0.068359 0.603472 0.027344 0.040278
1 0.856250 0.561806 0.014063 0.026389
1 0.675781 0.581250 0.014063 0.031944
0 0.552734 0.561111 0.010156 0.025000
0 0.509766 0.570833 0.011719 0.027778
2 0.251563 0.578472 0.014063 0.031944
2 0.408984 0.568056 0.011719 0.027778
1 0.750781 0.565278 0.012500 0.027778
0 0.768750 0.546528 0.009375 0.020833
0 0.654687 0.548611 0.009375 0.022222
0 0.925000 0.550000 0.010937 0.022222
2 0.301172 0.545833 0.008594 0.022222
1 0.707031 0.884722 0.045312 0.161111
2 0.396484 0.541667 0.007031 0.019444
