2 0.712500 0.720139 0.043750 0.087500
2 0.303125 0.720833 0.042188 0.086111
0 0.962500 0.580556 0.020313 0.030556
1 0.043359 0.580556 0.019531 0.033333
2 0.572266 0.573611 0.011719 0.027778
0 0.730859 0.572222 0.013281 0.027778
2 0.433594 0.573611 0.010937 0.027778
0 0.649609 0.565972 0.011719 0.026389
1 0.355469 0.565972 0.010937 0.026389
0 0.181250 0.556944 0.010937 0.022222
1 0.275000 0.571528 0.014063 0.029167
0 0.394531 0.545833 0.007812 0.019444
0 0.295312 0.552778 0.009375 0.022222
0 0.102734 0.552083 0.010156 0.023611
0 0.084766 0.545833 0.008594 0.019444
0 0.992188 0.539583 0.009375 0.020833
1 0.708203 0.553472 0.008594 0.020833
1 0.919141 0.545833 0.010156 0.019444
1 0.823438 0.555556 0.010937 0.025000
0 0.451562 0.537500 0.006250 0.016667
1 0.608984 0.545833 0.007031 0.019444
1 0.551172 0.536806 0.007031 0.018056
0 0.115625 0.537500 0.007812 0.016667
0 0.167578 0.531250 0.007031 0.015278
1 0.010937 0.541667 0.009375 0.016667
