1 0.623047 0.640972 0.024219 0.054167
1 0.663672 0.584722 0.016406 0.033333
0 0.488281 0.576389 0.012500 0.027778
2 0.378516 0.575000 0.011719 0.030556
0 0.534766 0.564583 0.010156 0.026389
1 0.837109 0.561806 0.013281 0.026389
2 0.194531 0.589583 0.018750 0.034722
0 0.637891 0.550694 0.008594 0.020833
0 0.897656 0.549306 0.010937 0.023611
2 0.262109 0.550000 0.008594 0.022222
0 0.749609 0.545833 0.008594 0.022222
2 0.289062 0.534722 0.006250 0.016667
1 0.986328 0.566667 0.017969 0.027778
1 0.736719 0.567361 0.014063 0.029167
