1 0.623047 0.640278 0.024219 0.055556
1 0.663672 0.585417 0.016406 0.031944
0 0.488281 0.576389 0.012500 0.027778
2 0.378516 0.575694 0.011719 0.029167
0 0.534375 0.564583 0.010937 0.026389
2 0.193750 0.589583 0.017188 0.034722
1 0.837109 0.561806 0.013281 0.026389
0 0.637500 0.550694 0.009375 0.020833
2 0.261328 0.549306 0.008594 0.023611
0 0.897656 0.549306 0.010937 0.023611
0 0.749219 0.545833 0.009375 0.022222
1 0.736328 0.567361 0.013281 0.029167
2 0.288281 0.534722 0.006250 0.019444
1 0.986328 0.566667 0.017969 0.027778
