2 0.085156 0.611111 0.028125 0.044444
0 0.455078 0.586111 0.013281 0.033333
1 0.647266 0.593056 0.016406 0.036111
1 0.812891 0.563194 0.013281 0.026389
2 0.326953 0.586806 0.013281 0.031944
0 0.507031 0.570139 0.010937 0.026389
0 0.614453 0.552778 0.008594 0.022222
0 0.862500 0.548611 0.010937 0.022222
2 0.195703 0.557639 0.010156 0.023611
1 0.716797 0.570139 0.013281 0.029167
1 0.950781 0.565972 0.015625 0.026389
2 0.233984 0.537500 0.007031 0.019444
2 0.276953 0.527778 0.005469 0.013889
0 0.723828 0.546528 0.008594 0.020833
2 0.254297 0.528472 0.005469 0.015278
2 0.298828 0.526389 0.005469 0.013889
