2 0.085547 0.611111 0.028906 0.044444
0 0.455469 0.586111 0.014063 0.033333
1 0.647656 0.593056 0.017188 0.036111
2 0.326953 0.586806 0.013281 0.031944
1 0.812891 0.563194 0.013281 0.026389
0 0.507031 0.570139 0.010937 0.026389
0 0.614453 0.552778 0.008594 0.022222
0 0.862891 0.548611 0.010156 0.022222
1 0.717187 0.570139 0.012500 0.029167
2 0.196094 0.558333 0.010937 0.025000
2 0.234766 0.537500 0.007031 0.019444
1 0.951172 0.566667 0.016406 0.025000
2 0.254297 0.528472 0.005469 0.015278
0 0.723828 0.547222 0.008594 0.019444
2 0.323047 0.550694 0.008594 0.023611
2 0.277734 0.527778 0.005469 0.013889
2 0.298828 0.526389 0.005469 0.013889
