0 0.432812 0.593056 0.015625 0.036111
2 0.289844 0.594444 0.015625 0.038889
1 0.638281 0.598611 0.017188 0.038889
1 0.798828 0.563889 0.013281 0.027778
1 0.706250 0.572917 0.012500 0.029167
0 0.489063 0.575000 0.012500 0.027778
0 0.600391 0.554167 0.008594 0.022222
0 0.843359 0.548611 0.010156 0.022222
2 0.147656 0.562500 0.012500 0.027778
1 0.932422 0.565972 0.016406 0.026389
2 0.198047 0.540278 0.008594 0.019444
2 0.222266 0.530556 0.007031 0.016667
2 0.292187 0.552778 0.009375 0.025000
0 0.708984 0.547917 0.008594 0.020833
2 0.247266 0.529167 0.005469 0.013889
