0 0.394922 0.606250 0.017969 0.040278
2 0.221094 0.613889 0.020313 0.044444
0 0.460547 0.582639 0.013281 0.031944
1 0.780469 0.565278 0.014063 0.027778
1 0.624609 0.609722 0.019531 0.041667
0 0.579688 0.556944 0.009375 0.022222
0 0.816406 0.548611 0.009375 0.022222
1 0.690234 0.577083 0.013281 0.029167
2 0.058984 0.575000 0.017969 0.030556
2 0.240234 0.559028 0.010156 0.026389
2 0.132812 0.547222 0.009375 0.022222
0 0.687891 0.548611 0.008594 0.022222
2 0.167578 0.533333 0.007031 0.019444
1 0.905859 0.565278 0.014844 0.027778
2 0.225000 0.531250 0.006250 0.015278
