0 0.395703 0.606250 0.017969 0.040278
2 0.221484 0.613194 0.019531 0.043056
0 0.460938 0.581944 0.014063 0.030556
1 0.780469 0.565278 0.014063 0.027778
1 0.624609 0.609722 0.019531 0.041667
0 0.816797 0.547222 0.010156 0.022222
0 0.579688 0.556944 0.009375 0.022222
1 0.690625 0.577083 0.012500 0.029167
2 0.060156 0.575000 0.017188 0.030556
2 0.241016 0.559028 0.010156 0.026389
2 0.133594 0.546528 0.009375 0.023611
2 0.168359 0.533333 0.007031 0.019444
0 0.688281 0.548611 0.009375 0.022222
1 0.906250 0.565278 0.015625 0.027778
2 0.225781 0.531944 0.006250 0.016667
