2 0.182812 0.625000 0.025000 0.050000
1 0.619141 0.615278 0.021094 0.044444
0 0.375781 0.613194 0.018750 0.043056
0 0.447266 0.587500 0.014844 0.033333
1 0.684375 0.577778 0.014063 0.030556
1 0.772266 0.566667 0.013281 0.027778
1 0.895703 0.565278 0.014844 0.025000
0 0.805469 0.547917 0.009375 0.020833
0 0.570703 0.558333 0.010156 0.025000
2 0.214453 0.562500 0.011719 0.027778
0 0.678906 0.548611 0.009375 0.022222
0 0.989844 0.554861 0.012500 0.023611
2 0.140625 0.535417 0.007812 0.020833
2 0.012109 0.580556 0.019531 0.030556
2 0.100391 0.549306 0.010156 0.023611
2 0.202734 0.532639 0.007031 0.018056
2 0.172656 0.534028 0.007812 0.018056
