2 0.182031 0.623611 0.025000 0.050000
0 0.375000 0.613889 0.018750 0.041667
1 0.619141 0.615278 0.021094 0.044444
0 0.447266 0.587500 0.014844 0.033333
1 0.683984 0.577778 0.014844 0.030556
1 0.771875 0.566667 0.014063 0.027778
0 0.805078 0.547917 0.010156 0.020833
1 0.894922 0.565278 0.014844 0.025000
0 0.570312 0.558333 0.009375 0.025000
2 0.010937 0.579861 0.020313 0.031944
0 0.989844 0.555556 0.012500 0.025000
0 0.678516 0.548611 0.008594 0.022222
2 0.099219 0.548611 0.010937 0.025000
2 0.139844 0.535417 0.007812 0.020833
2 0.213672 0.562500 0.011719 0.027778
2 0.201953 0.532639 0.007031 0.018056
