2 0.182812 0.623611 0.025000 0.050000
1 0.619141 0.615278 0.021094 0.044444
0 0.375391 0.613194 0.019531 0.043056
0 0.447266 0.587500 0.014844 0.033333
1 0.684375 0.577778 0.014063 0.030556
1 0.771875 0.566667 0.014063 0.027778
0 0.805078 0.547917 0.010156 0.020833
1 0.895312 0.565278 0.014063 0.025000
0 0.570312 0.558333 0.009375 0.025000
2 0.011328 0.580556 0.019531 0.030556
2 0.214453 0.562500 0.011719 0.027778
0 0.678516 0.548611 0.008594 0.022222
0 0.989844 0.555556 0.012500 0.025000
2 0.140234 0.535417 0.008594 0.020833
2 0.099609 0.549306 0.010156 0.023611
2 0.202344 0.532639 0.006250 0.018056
