0 0.310937 0.646528 0.025000 0.054167
0 0.405469 0.604861 0.017188 0.037500
2 0.038672 0.676389 0.042969 0.066667
1 0.666406 0.589583 0.015625 0.031944
1 0.603906 0.638194 0.021875 0.048611
1 0.867578 0.568750 0.013281 0.026389
1 0.751953 0.572222 0.013281 0.027778
0 0.544531 0.565278 0.010937 0.025000
0 0.776953 0.550694 0.008594 0.020833
0 0.654687 0.552778 0.009375 0.022222
2 0.126953 0.579167 0.016406 0.030556
2 0.153516 0.551389 0.010156 0.022222
0 0.946875 0.556944 0.012500 0.022222
2 0.131641 0.539583 0.008594 0.018056
2 0.166016 0.536806 0.007031 0.018056
2 0.094141 0.540972 0.008594 0.018056
