0 0.310156 0.646528 0.026562 0.054167
0 0.405469 0.604861 0.017188 0.037500
2 0.036328 0.677083 0.042969 0.068056
1 0.666406 0.589583 0.015625 0.031944
1 0.603906 0.638194 0.021875 0.048611
1 0.867578 0.569444 0.013281 0.027778
1 0.751953 0.572222 0.013281 0.027778
0 0.544141 0.566667 0.010156 0.025000
0 0.776563 0.550694 0.009375 0.020833
2 0.125391 0.579167 0.016406 0.033333
0 0.654687 0.552778 0.009375 0.022222
0 0.946484 0.557639 0.013281 0.020833
2 0.152734 0.551389 0.010156 0.022222
2 0.130859 0.539583 0.008594 0.018056
2 0.093359 0.540972 0.008594 0.018056
2 0.165234 0.537500 0.007031 0.016667
