0 0.309766 0.646528 0.025781 0.054167
2 0.035937 0.677083 0.043750 0.068056
0 0.405469 0.606250 0.017188 0.037500
1 0.666406 0.590278 0.015625 0.033333
1 0.603516 0.638194 0.021094 0.048611
1 0.867578 0.569444 0.013281 0.027778
1 0.751563 0.572222 0.014063 0.027778
0 0.544141 0.566667 0.010156 0.025000
0 0.776563 0.550694 0.009375 0.020833
2 0.125391 0.579861 0.016406 0.031944
0 0.654297 0.552778 0.008594 0.022222
2 0.152734 0.551389 0.010156 0.022222
0 0.946484 0.557639 0.013281 0.020833
2 0.130859 0.538889 0.008594 0.019444
2 0.164844 0.536806 0.007812 0.018056
2 0.092578 0.540972 0.008594 0.018056
