0 0.310547 0.646528 0.025781 0.054167
0 0.405469 0.605556 0.017188 0.036111
2 0.036328 0.677083 0.042969 0.068056
1 0.666406 0.589583 0.015625 0.031944
1 0.603906 0.638194 0.021875 0.048611
1 0.867578 0.569444 0.013281 0.027778
1 0.751563 0.572222 0.014063 0.027778
0 0.544531 0.566667 0.010937 0.025000
0 0.776563 0.550694 0.009375 0.020833
2 0.125781 0.579167 0.017188 0.033333
0 0.654687 0.552778 0.009375 0.022222
0 0.946875 0.557639 0.012500 0.020833
2 0.152734 0.551389 0.010156 0.022222
2 0.130859 0.539583 0.008594 0.018056
2 0.093359 0.540972 0.008594 0.018056
