0 0.278516 0.661806 0.027344 0.059722
0 0.386719 0.611806 0.017188 0.040278
1 0.857422 0.568750 0.013281 0.026389
1 0.660547 0.590972 0.016406 0.034722
1 0.744531 0.572917 0.012500 0.029167
2 0.085156 0.586806 0.018750 0.034722
0 0.766406 0.550000 0.009375 0.022222
0 0.645312 0.552778 0.009375 0.022222
0 0.932031 0.556250 0.012500 0.023611
0 0.534375 0.567361 0.009375 0.026389
2 0.136719 0.538889 0.007812 0.019444
2 0.120313 0.553472 0.010937 0.023611
2 0.057031 0.543056 0.009375 0.019444
2 0.099219 0.541667 0.009375 0.019444
2 0.010547 0.546528 0.010156 0.020833
1 0.598047 0.640278 0.013281 0.041667
