0 0.277344 0.663194 0.028125 0.062500
0 0.386328 0.612500 0.017969 0.038889
1 0.660547 0.591667 0.016406 0.033333
1 0.857422 0.569444 0.013281 0.027778
1 0.744531 0.572917 0.012500 0.029167
2 0.083203 0.587500 0.019531 0.033333
0 0.766406 0.550000 0.009375 0.022222
0 0.931641 0.556944 0.011719 0.022222
0 0.533984 0.567361 0.010156 0.026389
0 0.645312 0.554167 0.009375 0.022222
2 0.119141 0.553472 0.010156 0.023611
2 0.055859 0.543750 0.008594 0.018056
2 0.136328 0.538889 0.007031 0.019444
2 0.008984 0.546528 0.010156 0.020833
2 0.098437 0.540972 0.009375 0.018056
