2 0.219922 0.806944 0.067969 0.127778
2 0.804688 0.806944 0.068750 0.127778
1 0.340625 0.570139 0.012500 0.026389
0 0.154297 0.559028 0.011719 0.026389
1 0.250000 0.578472 0.015625 0.031944
2 0.580469 0.579167 0.012500 0.030556
0 0.663672 0.570833 0.011719 0.027778
0 0.756641 0.577778 0.014844 0.030556
0 0.279687 0.556250 0.010937 0.023611
2 0.425781 0.579861 0.012500 0.031944
0 0.387500 0.547222 0.007812 0.019444
0 0.070312 0.555556 0.010937 0.025000
1 0.616406 0.547222 0.007812 0.019444
1 0.725000 0.555556 0.009375 0.022222
0 0.057031 0.547222 0.009375 0.019444
1 0.553906 0.538194 0.006250 0.018056
0 0.448828 0.538194 0.007031 0.018056
0 0.094531 0.538889 0.007812 0.019444
1 0.850000 0.556250 0.012500 0.029167
0 0.152734 0.531944 0.007031 0.016667
