2 0.781250 0.809028 0.068750 0.129167
2 0.195312 0.807639 0.068750 0.126389
0 0.750391 0.578472 0.014844 0.031944
1 0.243750 0.577778 0.015625 0.030556
2 0.573828 0.579861 0.013281 0.031944
0 0.658984 0.570139 0.011719 0.026389
1 0.335547 0.570833 0.011719 0.027778
2 0.419922 0.579861 0.013281 0.031944
0 0.275391 0.556250 0.010156 0.023611
1 0.720703 0.555556 0.010156 0.022222
0 0.383984 0.547222 0.008594 0.019444
1 0.612891 0.547917 0.008594 0.020833
1 0.845313 0.556944 0.012500 0.030556
0 0.446484 0.538889 0.007031 0.019444
0 0.149219 0.558333 0.012500 0.025000
1 0.551172 0.538194 0.007031 0.018056
0 0.066406 0.555556 0.010937 0.022222
0 0.091016 0.537500 0.008594 0.019444
0 0.052734 0.547222 0.010156 0.019444
1 0.929688 0.555556 0.010937 0.025000
