2 0.780469 0.808333 0.068750 0.130556
0 0.750391 0.578472 0.014844 0.031944
1 0.243750 0.577778 0.015625 0.030556
2 0.573828 0.579861 0.013281 0.031944
2 0.196484 0.807639 0.067969 0.126389
0 0.658984 0.570139 0.011719 0.026389
0 0.275391 0.556250 0.010156 0.023611
2 0.419922 0.579861 0.013281 0.031944
1 0.335547 0.570833 0.011719 0.027778
1 0.720703 0.555556 0.010156 0.022222
0 0.383984 0.547222 0.008594 0.019444
1 0.845313 0.556944 0.012500 0.027778
1 0.612500 0.547917 0.007812 0.020833
0 0.446484 0.538889 0.007031 0.019444
1 0.551172 0.538194 0.007031 0.018056
0 0.150000 0.558333 0.012500 0.025000
0 0.053516 0.547222 0.010156 0.019444
0 0.066797 0.556250 0.011719 0.023611
0 0.091016 0.538194 0.008594 0.018056
1 0.929688 0.555556 0.010937 0.025000
0 0.212500 0.527083 0.006250 0.015278
