2 0.837500 0.869444 0.082812 0.158333
2 0.127344 0.870139 0.071875 0.162500
2 0.416016 0.582639 0.013281 0.031944
2 0.577344 0.583333 0.014063 0.033333
1 0.232422 0.580556 0.016406 0.030556
0 0.760938 0.581250 0.015625 0.031944
1 0.726953 0.556944 0.010156 0.022222
0 0.664844 0.572917 0.012500 0.029167
1 0.329688 0.572917 0.012500 0.029167
0 0.138672 0.561111 0.013281 0.027778
0 0.268750 0.556944 0.010937 0.022222
0 0.380859 0.548611 0.008594 0.022222
1 0.615625 0.549306 0.007812 0.020833
1 0.857422 0.558333 0.013281 0.030556
0 0.445312 0.538889 0.007812 0.019444
1 0.551953 0.538889 0.007031 0.019444
0 0.053125 0.556250 0.010937 0.023611
0 0.082422 0.538889 0.008594 0.022222
0 0.040625 0.547917 0.009375 0.020833
