2 0.584375 0.590972 0.015625 0.034722
1 0.316016 0.577778 0.014844 0.030556
2 0.408203 0.590972 0.014844 0.034722
0 0.677734 0.579167 0.014844 0.030556
0 0.785156 0.588889 0.018750 0.036111
1 0.741406 0.559722 0.012500 0.025000
1 0.208594 0.588194 0.018750 0.034722
0 0.254297 0.560417 0.011719 0.026389
0 0.114453 0.565972 0.014844 0.026389
0 0.374609 0.550694 0.008594 0.020833
1 0.880859 0.564583 0.016406 0.026389
1 0.621875 0.551389 0.009375 0.022222
0 0.131250 0.534028 0.007812 0.018056
0 0.442578 0.540278 0.007031 0.019444
0 0.064844 0.539583 0.009375 0.020833
1 0.554297 0.541667 0.007031 0.019444
1 0.970703 0.561806 0.016406 0.023611
0 0.198828 0.527778 0.007031 0.016667
0 0.026172 0.559722 0.013281 0.025000
