1 0.167969 0.600000 0.023438 0.038889
0 0.824219 0.601389 0.023438 0.038889
2 0.596875 0.603472 0.017188 0.040278
1 0.293359 0.588889 0.016406 0.033333
2 0.395313 0.604167 0.017188 0.038889
0 0.231641 0.566667 0.013281 0.027778
0 0.076563 0.571528 0.017188 0.029167
0 0.364844 0.554861 0.009375 0.023611
1 0.917969 0.571528 0.018750 0.029167
1 0.763281 0.566667 0.012500 0.027778
0 0.113672 0.534722 0.008594 0.016667
1 0.631250 0.554861 0.009375 0.023611
0 0.699609 0.588194 0.016406 0.034722
1 0.557813 0.543750 0.007812 0.020833
0 0.438672 0.544444 0.007031 0.019444
1 0.884375 0.535417 0.009375 0.015278
