1 0.167187 0.600000 0.023438 0.038889
0 0.825391 0.601389 0.024219 0.038889
2 0.596875 0.603472 0.017188 0.040278
1 0.292969 0.589583 0.017188 0.031944
2 0.394922 0.604167 0.016406 0.038889
0 0.231641 0.566667 0.013281 0.027778
0 0.364844 0.554861 0.009375 0.023611
0 0.075781 0.571528 0.017188 0.029167
0 0.700391 0.589583 0.016406 0.034722
1 0.919141 0.571528 0.017969 0.029167
0 0.113281 0.534722 0.009375 0.016667
1 0.763672 0.566667 0.013281 0.027778
1 0.631250 0.555556 0.009375 0.022222
1 0.557813 0.543750 0.007812 0.020833
0 0.439063 0.544444 0.007812 0.019444
