0 0.844922 0.607639 0.027344 0.043056
0 0.710547 0.593056 0.017969 0.036111
1 0.146875 0.606250 0.026562 0.043056
1 0.281641 0.592361 0.017969 0.037500
2 0.387500 0.610417 0.018750 0.043056
2 0.602734 0.611111 0.019531 0.041667
1 0.774609 0.569444 0.014844 0.027778
0 0.220703 0.569444 0.013281 0.027778
0 0.360156 0.557639 0.009375 0.023611
0 0.057422 0.575694 0.019531 0.029167
1 0.635547 0.556944 0.010156 0.022222
1 0.936328 0.574306 0.019531 0.029167
0 0.104688 0.534722 0.007812 0.016667
0 0.437500 0.545139 0.007812 0.020833
0 0.025391 0.544444 0.010156 0.019444
1 0.558984 0.545139 0.007031 0.020833
0 0.181250 0.529861 0.007812 0.015278
