1 0.116797 0.615278 0.028906 0.044444
0 0.726562 0.600000 0.021875 0.038889
1 0.266016 0.600000 0.019531 0.038889
0 0.873828 0.615972 0.030469 0.045833
2 0.612109 0.621528 0.021094 0.045833
2 0.378516 0.620833 0.021094 0.047222
1 0.961328 0.579167 0.022656 0.030556
0 0.205469 0.572222 0.015625 0.030556
0 0.032813 0.577083 0.021875 0.031944
0 0.354297 0.559722 0.010156 0.025000
1 0.788672 0.572917 0.016406 0.029167
1 0.641016 0.559028 0.010156 0.023611
0 0.094141 0.536111 0.008594 0.016667
0 0.173828 0.530556 0.007031 0.016667
1 0.560937 0.545833 0.007812 0.022222
0 0.435156 0.546528 0.007812 0.020833
0 0.009766 0.545833 0.010156 0.019444
1 0.903125 0.537500 0.009375 0.016667
