1 0.117188 0.615278 0.028125 0.044444
0 0.726172 0.600000 0.021094 0.038889
1 0.266406 0.599306 0.020313 0.037500
0 0.873828 0.614583 0.030469 0.045833
2 0.611719 0.621528 0.020313 0.045833
2 0.378516 0.620833 0.021094 0.047222
1 0.960938 0.577778 0.021875 0.030556
0 0.032813 0.577083 0.021875 0.031944
0 0.205469 0.572222 0.015625 0.030556
0 0.354297 0.559722 0.010156 0.025000
1 0.788281 0.572917 0.015625 0.029167
1 0.641016 0.559028 0.010156 0.023611
0 0.094141 0.536111 0.008594 0.016667
0 0.174219 0.530556 0.007812 0.016667
0 0.435156 0.546528 0.007812 0.020833
1 0.560937 0.545833 0.007812 0.022222
1 0.903125 0.536806 0.009375 0.018056
0 0.009766 0.545833 0.010156 0.019444
