0 0.651563 0.711806 0.040625 0.081944
1 0.898828 0.614583 0.033594 0.051389
0 0.635938 0.630556 0.025000 0.050000
2 0.196094 0.602778 0.021875 0.038889
2 0.521094 0.589583 0.014063 0.031944
1 0.964844 0.570833 0.018750 0.025000
2 0.928516 0.562500 0.021094 0.044444
0 0.618750 0.545139 0.007812 0.018056
0 0.720703 0.550000 0.010156 0.022222
2 0.495312 0.559028 0.007812 0.023611
2 0.284766 0.565278 0.011719 0.027778
0 0.820312 0.550000 0.009375 0.022222
0 0.550391 0.536806 0.007031 0.018056
2 0.994141 0.559028 0.011719 0.040278
1 0.485938 0.542361 0.006250 0.018056
0 0.874609 0.543750 0.010156 0.023611
