0 0.910937 0.627778 0.034375 0.050000
1 0.079297 0.628472 0.033594 0.051389
0 0.744531 0.609028 0.023438 0.043056
1 0.246484 0.607639 0.024219 0.043056
0 0.187500 0.577083 0.017188 0.031944
2 0.365625 0.631944 0.023438 0.052778
1 0.805859 0.576389 0.017969 0.030556
2 0.623437 0.632639 0.023438 0.051389
1 0.990234 0.582639 0.019531 0.034722
1 0.648047 0.562500 0.011719 0.027778
0 0.007031 0.584028 0.014063 0.031944
0 0.346875 0.561806 0.010937 0.026389
0 0.082031 0.537500 0.009375 0.019444
0 0.432812 0.547222 0.007812 0.022222
1 0.563672 0.545833 0.008594 0.025000
0 0.165625 0.531250 0.007812 0.015278
1 0.915234 0.536806 0.010156 0.018056
0 0.989844 0.537500 0.009375 0.019444
