0 0.652344 0.657639 0.029687 0.056944
1 0.906250 0.604861 0.029687 0.045833
2 0.557031 0.577778 0.010937 0.027778
2 0.301953 0.579167 0.013281 0.027778
0 0.653516 0.608333 0.021094 0.044444
2 0.971484 0.561111 0.022656 0.047222
0 0.755859 0.548611 0.010156 0.022222
2 0.832031 0.543750 0.012500 0.031944
0 0.586719 0.535417 0.006250 0.018056
0 0.863672 0.550000 0.010156 0.022222
0 0.653906 0.542361 0.007812 0.018056
2 0.357031 0.554861 0.009375 0.023611
1 0.923438 0.577083 0.017188 0.034722
0 0.842578 0.527778 0.007031 0.016667
