0 0.911328 0.627778 0.035156 0.050000
1 0.078906 0.628472 0.032813 0.051389
0 0.744922 0.609028 0.022656 0.043056
1 0.246484 0.608333 0.024219 0.041667
0 0.187500 0.577083 0.017188 0.031944
2 0.365625 0.631944 0.023438 0.052778
1 0.805859 0.577083 0.017969 0.031944
2 0.623437 0.632639 0.023438 0.051389
1 0.990234 0.582639 0.019531 0.034722
1 0.648047 0.563194 0.011719 0.026389
0 0.006641 0.583333 0.013281 0.033333
0 0.346875 0.561806 0.010937 0.026389
0 0.082031 0.537500 0.009375 0.019444
0 0.432812 0.547222 0.007812 0.022222
0 0.165625 0.531250 0.007812 0.015278
1 0.564063 0.545833 0.007812 0.025000
1 0.915234 0.537500 0.010156 0.019444
0 0.989844 0.537500 0.009375 0.019444
