0 0.668750 0.616667 0.021875 0.041667
1 0.928516 0.595833 0.027344 0.038889
0 0.682813 0.590972 0.015625 0.037500
2 0.897266 0.544444 0.014844 0.033333
0 0.811719 0.548611 0.009375 0.022222
0 0.704688 0.540972 0.007812 0.018056
0 0.936328 0.549306 0.013281 0.026389
2 0.604297 0.564583 0.010156 0.026389
1 0.976172 0.574306 0.021094 0.037500
0 0.639062 0.534722 0.006250 0.016667
2 0.399609 0.561806 0.010156 0.026389
2 0.434375 0.545833 0.007812 0.019444
1 0.578516 0.537500 0.005469 0.016667
2 0.974219 0.543750 0.015625 0.034722
