0 0.649219 0.682639 0.035937 0.070833
1 0.900781 0.607639 0.029687 0.054167
0 0.643359 0.619444 0.022656 0.047222
2 0.537891 0.583333 0.013281 0.030556
2 0.250000 0.590278 0.017188 0.033333
0 0.634375 0.544444 0.007812 0.016667
2 0.947656 0.561806 0.020313 0.045833
2 0.319922 0.559722 0.010156 0.025000
2 0.809766 0.544444 0.013281 0.033333
2 0.514453 0.556944 0.008594 0.022222
0 0.735938 0.550000 0.009375 0.022222
0 0.567187 0.536806 0.006250 0.018056
0 0.839453 0.550000 0.010156 0.022222
1 0.986719 0.568750 0.017188 0.031944
0 0.898828 0.545139 0.010156 0.023611
