0 0.911719 0.628472 0.035937 0.051389
1 0.078516 0.628472 0.033594 0.051389
0 0.745313 0.609028 0.023438 0.043056
1 0.246094 0.608333 0.025000 0.041667
2 0.365234 0.632639 0.024219 0.051389
0 0.187500 0.577778 0.017188 0.030556
1 0.805859 0.577083 0.017969 0.031944
2 0.623828 0.632639 0.024219 0.051389
1 0.990625 0.582639 0.018750 0.034722
1 0.648438 0.563194 0.010937 0.026389
0 0.006641 0.583333 0.013281 0.033333
0 0.346875 0.562500 0.010937 0.025000
0 0.081641 0.537500 0.010156 0.019444
0 0.432812 0.547222 0.007812 0.022222
0 0.165625 0.531250 0.007812 0.015278
1 0.564063 0.545833 0.007812 0.025000
1 0.915234 0.536806 0.010156 0.018056
