0 0.680469 0.605556 0.018750 0.038889
0 0.814453 0.911806 0.053906 0.176389
0 0.698047 0.583333 0.014844 0.030556
1 0.943750 0.593750 0.026562 0.040278
0 0.842187 0.548611 0.009375 0.022222
0 0.731250 0.541667 0.007812 0.016667
2 0.626563 0.563194 0.009375 0.023611
2 0.934375 0.545833 0.015625 0.033333
0 0.665234 0.534028 0.007031 0.015278
0 0.977734 0.555556 0.013281 0.025000
0 0.912109 0.527778 0.007031 0.016667
2 0.437109 0.556250 0.008594 0.023611
1 0.991016 0.643750 0.017969 0.081944
0 0.989062 0.534722 0.007812 0.016667
