0 0.652344 0.657639 0.029687 0.056944
1 0.906250 0.604861 0.029687 0.045833
2 0.557031 0.577778 0.010937 0.027778
2 0.301172 0.579167 0.013281 0.030556
0 0.653125 0.609028 0.020313 0.043056
2 0.971484 0.561806 0.022656 0.045833
0 0.755859 0.548611 0.010156 0.022222
2 0.832031 0.543750 0.012500 0.031944
0 0.863672 0.550000 0.010156 0.022222
0 0.586719 0.535417 0.006250 0.018056
2 0.356641 0.554861 0.008594 0.023611
0 0.653125 0.542361 0.007812 0.018056
1 0.923438 0.577083 0.017188 0.034722
0 0.842187 0.527778 0.006250 0.016667
