0 0.649609 0.681944 0.035156 0.069444
1 0.900781 0.607639 0.029687 0.054167
0 0.643359 0.619444 0.022656 0.047222
2 0.250781 0.590278 0.017188 0.033333
2 0.538281 0.583333 0.012500 0.030556
2 0.320703 0.559722 0.010156 0.025000
0 0.634766 0.544444 0.007031 0.016667
2 0.948047 0.561806 0.021094 0.045833
2 0.514453 0.556944 0.008594 0.022222
2 0.809766 0.544444 0.013281 0.033333
0 0.735938 0.550000 0.009375 0.022222
0 0.839844 0.550000 0.010937 0.022222
0 0.567187 0.536806 0.006250 0.018056
1 0.987109 0.568750 0.017969 0.031944
2 0.868359 0.543056 0.013281 0.030556
1 0.532813 0.547222 0.007812 0.019444
0 0.898828 0.545139 0.010156 0.023611
