0 0.651563 0.712500 0.040625 0.083333
1 0.898828 0.614583 0.033594 0.051389
0 0.635938 0.631250 0.025000 0.048611
2 0.195703 0.602778 0.022656 0.038889
2 0.520312 0.589583 0.014063 0.031944
2 0.928125 0.562500 0.021875 0.044444
1 0.964844 0.570139 0.018750 0.026389
0 0.618750 0.545139 0.007812 0.018056
0 0.720313 0.550000 0.009375 0.022222
2 0.494922 0.559028 0.008594 0.023611
2 0.284375 0.565278 0.010937 0.027778
0 0.820312 0.550000 0.009375 0.022222
0 0.550391 0.536806 0.007031 0.018056
2 0.994141 0.559028 0.011719 0.040278
1 0.485547 0.542361 0.007031 0.018056
0 0.874219 0.543750 0.009375 0.023611
