0 0.649609 0.681944 0.035156 0.069444
1 0.900781 0.607639 0.029687 0.054167
0 0.643359 0.619444 0.022656 0.047222
2 0.250781 0.590278 0.017188 0.033333
2 0.538281 0.583333 0.012500 0.030556
0 0.634375 0.544444 0.007812 0.016667
2 0.320703 0.559722 0.010156 0.025000
2 0.948047 0.561806 0.021094 0.045833
2 0.514453 0.556250 0.008594 0.020833
2 0.809766 0.544444 0.013281 0.033333
0 0.735938 0.550000 0.009375 0.022222
0 0.839453 0.549306 0.010156 0.023611
0 0.567187 0.536806 0.006250 0.018056
1 0.986719 0.568750 0.017188 0.031944
0 0.898828 0.545139 0.010156 0.023611
1 0.532813 0.546528 0.007812 0.018056
2 0.868359 0.543056 0.013281 0.030556
