0 0.668750 0.616667 0.021875 0.041667
1 0.928516 0.595833 0.027344 0.038889
0 0.682422 0.590972 0.016406 0.037500
2 0.897266 0.545139 0.014844 0.034722
0 0.811328 0.548611 0.010156 0.022222
0 0.704688 0.540278 0.007812 0.019444
0 0.936328 0.549306 0.013281 0.026389
2 0.603906 0.565278 0.009375 0.027778
2 0.399609 0.561111 0.010156 0.025000
0 0.638672 0.534028 0.007031 0.015278
1 0.976172 0.574306 0.021094 0.037500
2 0.433594 0.545833 0.007812 0.019444
2 0.973828 0.543750 0.014844 0.034722
1 0.578125 0.537500 0.006250 0.016667
