1 0.925781 0.664583 0.042188 0.065278
0 0.616406 0.784028 0.051562 0.120833
2 0.369531 0.588889 0.012500 0.030556
1 0.405078 0.563889 0.010156 0.027778
0 0.641797 0.556250 0.010156 0.023611
0 0.453516 0.545833 0.007031 0.019444
1 0.836328 0.590972 0.021094 0.037500
0 0.533594 0.554167 0.009375 0.022222
2 0.891016 0.559028 0.019531 0.043056
1 0.336328 0.541667 0.007031 0.019444
0 0.767969 0.543750 0.009375 0.020833
2 0.707812 0.547222 0.012500 0.033333
1 0.366797 0.556944 0.008594 0.022222
0 0.730859 0.550694 0.010156 0.023611
1 0.811719 0.533333 0.007812 0.016667
1 0.871094 0.570833 0.015625 0.030556
