0 0.662891 0.789583 0.055469 0.123611
0 0.625781 0.653472 0.029687 0.059722
2 0.078516 0.629861 0.032031 0.051389
1 0.900000 0.627778 0.034375 0.052778
2 0.491016 0.602083 0.016406 0.037500
2 0.962891 0.557639 0.021094 0.045833
0 0.593750 0.546528 0.007812 0.018056
1 0.871875 0.581944 0.020313 0.036111
0 0.696484 0.550694 0.010156 0.023611
1 0.485547 0.551389 0.008594 0.022222
0 0.791406 0.548611 0.010937 0.025000
2 0.217188 0.577083 0.015625 0.029167
1 0.933203 0.570139 0.019531 0.026389
2 0.764844 0.545139 0.014063 0.031944
0 0.523047 0.539583 0.007031 0.018056
2 0.464062 0.566667 0.009375 0.025000
2 0.816016 0.543056 0.011719 0.030556
1 0.455078 0.546528 0.007031 0.018056
0 0.840234 0.543750 0.010156 0.023611
2 0.901563 0.563194 0.020313 0.043056
