1 0.906250 0.640278 0.035937 0.055556
0 0.617188 0.694444 0.035937 0.077778
2 0.452344 0.621528 0.020313 0.043056
2 0.114453 0.593750 0.024219 0.037500
2 0.927734 0.558333 0.019531 0.044444
1 0.903125 0.568750 0.015625 0.031944
1 0.450781 0.556944 0.009375 0.022222
1 0.853906 0.586111 0.020313 0.033333
1 0.417187 0.550694 0.007812 0.020833
0 0.566797 0.549306 0.008594 0.020833
0 0.670703 0.553472 0.010156 0.023611
0 0.492188 0.541667 0.007812 0.019444
2 0.425000 0.573611 0.010937 0.027778
1 0.387500 0.536806 0.006250 0.018056
0 0.805078 0.543750 0.008594 0.020833
2 0.875000 0.563194 0.020313 0.045833
2 0.737891 0.545833 0.011719 0.030556
0 0.762109 0.548611 0.010156 0.025000
2 0.785156 0.543056 0.010937 0.030556
0 0.459375 0.534028 0.006250 0.018056
0 0.765234 0.530556 0.007031 0.016667
