1 0.906250 0.640278 0.035937 0.055556
0 0.616797 0.695139 0.036719 0.076389
2 0.451953 0.621528 0.019531 0.043056
2 0.927344 0.558333 0.018750 0.044444
2 0.113281 0.594444 0.023438 0.038889
1 0.902734 0.568750 0.014844 0.031944
0 0.566406 0.549306 0.007812 0.020833
1 0.417187 0.550694 0.007812 0.020833
1 0.450781 0.556944 0.009375 0.022222
1 0.853516 0.586111 0.019531 0.033333
0 0.670312 0.553472 0.009375 0.023611
0 0.492188 0.541667 0.007812 0.019444
2 0.424609 0.574306 0.011719 0.029167
0 0.805078 0.543750 0.008594 0.020833
2 0.784766 0.543056 0.011719 0.030556
0 0.761719 0.548611 0.009375 0.025000
1 0.386719 0.536806 0.006250 0.018056
2 0.737891 0.545833 0.011719 0.030556
2 0.874609 0.563194 0.019531 0.045833
0 0.458984 0.533333 0.005469 0.016667
0 0.765234 0.530556 0.007031 0.016667
