1 0.906641 0.640278 0.036719 0.055556
0 0.616797 0.695139 0.036719 0.076389
2 0.451953 0.621528 0.019531 0.043056
2 0.927344 0.558333 0.018750 0.044444
1 0.417187 0.549306 0.007812 0.020833
0 0.566406 0.549306 0.007812 0.020833
1 0.902734 0.568750 0.014844 0.031944
1 0.853125 0.586111 0.020313 0.033333
2 0.112500 0.595139 0.023438 0.037500
1 0.450781 0.556944 0.009375 0.022222
0 0.670312 0.552778 0.009375 0.022222
2 0.423828 0.573611 0.011719 0.027778
0 0.491797 0.540972 0.007031 0.018056
0 0.804688 0.543750 0.009375 0.020833
2 0.784375 0.542361 0.010937 0.029167
0 0.761719 0.548611 0.009375 0.025000
1 0.386719 0.536806 0.006250 0.018056
2 0.875000 0.563194 0.020313 0.045833
2 0.737891 0.545833 0.011719 0.030556
0 0.458984 0.533333 0.005469 0.016667
0 0.765234 0.530556 0.007031 0.016667
