0 0.622266 0.665972 0.032031 0.065278
0 0.660547 0.837500 0.041406 0.144444
2 0.019141 0.647917 0.033594 0.054167
2 0.478125 0.607639 0.017188 0.040278
1 0.866016 0.583333 0.019531 0.033333
1 0.473828 0.553472 0.008594 0.020833
2 0.185156 0.581944 0.017188 0.033333
0 0.687109 0.551389 0.010156 0.022222
0 0.584375 0.547917 0.007812 0.018056
1 0.442188 0.547917 0.007812 0.020833
2 0.950000 0.557639 0.020313 0.045833
0 0.780859 0.549306 0.010156 0.023611
0 0.512500 0.540278 0.006250 0.016667
2 0.451172 0.568056 0.010156 0.025000
2 0.892188 0.563889 0.020313 0.041667
2 0.755469 0.545139 0.012500 0.031944
1 0.923047 0.569444 0.016406 0.033333
0 0.826562 0.543056 0.009375 0.022222
2 0.805078 0.542361 0.011719 0.029167
1 0.901563 0.632639 0.035937 0.051389
1 0.412891 0.535417 0.005469 0.015278
0 0.788672 0.530556 0.007031 0.016667
0 0.480078 0.533333 0.007031 0.016667
