0 0.622266 0.666667 0.032031 0.066667
0 0.660547 0.838194 0.041406 0.145833
2 0.018359 0.647917 0.032031 0.054167
2 0.478125 0.607639 0.017188 0.040278
1 0.865625 0.583333 0.020313 0.033333
2 0.184375 0.581944 0.017188 0.033333
1 0.473438 0.553472 0.009375 0.020833
0 0.687109 0.551389 0.010156 0.022222
0 0.584375 0.547917 0.007812 0.018056
1 0.442188 0.547917 0.007812 0.020833
0 0.780859 0.549306 0.010156 0.023611
2 0.949609 0.557639 0.021094 0.045833
0 0.512500 0.540278 0.006250 0.016667
2 0.892188 0.563194 0.020313 0.043056
2 0.451172 0.568056 0.010156 0.025000
2 0.755469 0.545139 0.012500 0.031944
1 0.923047 0.570139 0.016406 0.031944
0 0.827344 0.543056 0.009375 0.022222
2 0.805078 0.542361 0.011719 0.029167
1 0.901563 0.632639 0.035937 0.051389
1 0.412891 0.535417 0.005469 0.015278
0 0.788672 0.530556 0.007031 0.016667
0 0.479687 0.533333 0.006250 0.016667
