1 0.926172 0.664583 0.042969 0.065278
0 0.616406 0.784722 0.051562 0.119444
2 0.369141 0.588889 0.013281 0.030556
1 0.404297 0.564583 0.010156 0.026389
0 0.453516 0.545833 0.007031 0.019444
0 0.641797 0.556250 0.010156 0.023611
1 0.836328 0.590972 0.021094 0.037500
0 0.533594 0.554167 0.009375 0.022222
2 0.890625 0.559028 0.018750 0.043056
1 0.335938 0.541667 0.006250 0.019444
0 0.767578 0.543750 0.008594 0.020833
2 0.707422 0.547222 0.011719 0.033333
1 0.366797 0.556944 0.008594 0.022222
0 0.730859 0.550000 0.010156 0.025000
1 0.870313 0.570833 0.015625 0.030556
1 0.811719 0.533333 0.007812 0.016667
0 0.418359 0.536806 0.007031 0.018056
