1 0.925781 0.663889 0.042188 0.066667
0 0.616406 0.784028 0.051562 0.120833
2 0.369531 0.588889 0.012500 0.030556
1 0.404687 0.564583 0.009375 0.026389
0 0.453516 0.545833 0.007031 0.019444
0 0.641797 0.556250 0.010156 0.023611
1 0.836328 0.590972 0.021094 0.037500
0 0.533594 0.553472 0.009375 0.023611
2 0.891016 0.559028 0.019531 0.043056
1 0.336328 0.541667 0.007031 0.019444
0 0.767969 0.543750 0.009375 0.020833
2 0.707812 0.547222 0.012500 0.033333
0 0.730859 0.550000 0.010156 0.025000
1 0.366797 0.556944 0.008594 0.022222
1 0.870703 0.570833 0.016406 0.030556
1 0.811719 0.533333 0.007812 0.016667
0 0.418359 0.536806 0.007031 0.018056
