1 0.916406 0.654167 0.040625 0.061111
0 0.614844 0.741667 0.043750 0.100000
1 0.843359 0.589583 0.021094 0.037500
2 0.418750 0.639583 0.021875 0.051389
2 0.393359 0.581250 0.011719 0.029167
0 0.469141 0.544444 0.007031 0.016667
1 0.423828 0.560417 0.010156 0.023611
0 0.742578 0.549306 0.010156 0.023611
0 0.546875 0.551389 0.007812 0.022222
0 0.653125 0.554861 0.009375 0.023611
1 0.388281 0.554167 0.007812 0.022222
1 0.357812 0.539583 0.006250 0.018056
2 0.012891 0.613194 0.024219 0.043056
2 0.719531 0.546528 0.012500 0.031944
0 0.782031 0.542361 0.009375 0.020833
1 0.882812 0.570833 0.015625 0.030556
0 0.435156 0.534722 0.006250 0.016667
1 0.829688 0.533333 0.007812 0.016667
