0 0.662891 0.790278 0.055469 0.122222
0 0.625781 0.654167 0.029687 0.061111
1 0.900000 0.627778 0.034375 0.052778
2 0.490625 0.602083 0.015625 0.037500
2 0.076563 0.631250 0.032813 0.051389
1 0.871484 0.581944 0.019531 0.036111
0 0.593750 0.546528 0.007812 0.018056
2 0.962500 0.557639 0.021875 0.045833
0 0.696484 0.550694 0.010156 0.023611
0 0.791406 0.548611 0.010937 0.025000
1 0.485547 0.551389 0.008594 0.022222
2 0.216406 0.577083 0.015625 0.029167
1 0.933203 0.570833 0.019531 0.027778
2 0.764844 0.544444 0.014063 0.030556
0 0.522656 0.538889 0.006250 0.016667
1 0.455078 0.546528 0.007031 0.018056
2 0.816016 0.543056 0.011719 0.030556
2 0.464062 0.565972 0.009375 0.023611
0 0.840234 0.543750 0.010156 0.023611
2 0.901563 0.563194 0.020313 0.043056
1 0.425781 0.534722 0.006250 0.016667
