1 0.916797 0.654861 0.041406 0.059722
0 0.614844 0.741667 0.043750 0.100000
1 0.843359 0.589583 0.021094 0.037500
2 0.417969 0.640278 0.021875 0.052778
2 0.392578 0.581250 0.011719 0.029167
0 0.469141 0.544444 0.007031 0.016667
1 0.423438 0.560417 0.009375 0.023611
0 0.742578 0.549306 0.010156 0.023611
0 0.546484 0.551389 0.008594 0.022222
0 0.652734 0.554861 0.010156 0.023611
1 0.388281 0.554167 0.007812 0.022222
2 0.012891 0.613194 0.024219 0.040278
1 0.357031 0.539583 0.006250 0.018056
0 0.782031 0.542361 0.009375 0.020833
2 0.719531 0.546528 0.012500 0.031944
0 0.435156 0.535417 0.006250 0.018056
1 0.882422 0.570833 0.014844 0.030556
