1 0.812109 0.643056 0.027344 0.055556
0 0.521094 0.582639 0.014063 0.031944
0 0.208984 0.584722 0.016406 0.033333
0 0.355469 0.592361 0.015625 0.034722
0 0.156250 0.569444 0.012500 0.027778
0 0.617188 0.566667 0.010937 0.025000
0 0.177734 0.552778 0.010156 0.022222
1 0.031641 0.559722 0.013281 0.025000
0 0.229687 0.540972 0.009375 0.018056
0 0.884375 0.547917 0.009375 0.020833
0 0.288672 0.534028 0.007031 0.015278
0 0.951562 0.550000 0.010937 0.022222
2 0.596484 0.564583 0.013281 0.037500
1 0.244922 0.531944 0.007031 0.013889
2 0.803125 0.538194 0.007812 0.020833
0 0.622656 0.539583 0.007812 0.018056
1 0.149219 0.540972 0.007812 0.018056
2 0.714844 0.534722 0.006250 0.016667
