1 0.144531 0.628472 0.025000 0.048611
1 0.078516 0.613194 0.025781 0.040278
1 0.808203 0.630556 0.025781 0.050000
0 0.284375 0.572917 0.012500 0.029167
0 0.405859 0.580556 0.013281 0.030556
0 0.549219 0.577083 0.012500 0.029167
1 0.062500 0.575000 0.017188 0.030556
1 0.135937 0.550694 0.009375 0.020833
0 0.237109 0.559028 0.011719 0.023611
0 0.926562 0.550000 0.010937 0.022222
0 0.641016 0.562500 0.010156 0.025000
0 0.248828 0.546528 0.008594 0.018056
2 0.620703 0.561111 0.013281 0.036111
0 0.287891 0.537500 0.007031 0.016667
2 0.839844 0.539583 0.007812 0.020833
0 0.335938 0.531250 0.006250 0.015278
2 0.746484 0.534722 0.007031 0.016667
1 0.689063 0.534028 0.006250 0.015278
1 0.221094 0.536806 0.007812 0.018056
