2 0.320312 0.713889 0.032813 0.086111
1 0.955859 0.694444 0.049219 0.077778
2 0.314844 0.604861 0.017188 0.037500
0 0.420312 0.550694 0.007812 0.020833
1 0.362109 0.573611 0.011719 0.027778
0 0.619531 0.560417 0.010937 0.023611
0 0.506641 0.559028 0.008594 0.023611
1 0.289844 0.547222 0.007812 0.019444
2 0.865625 0.561111 0.017188 0.041667
1 0.824609 0.597222 0.021094 0.044444
1 0.320703 0.565278 0.010156 0.025000
0 0.383203 0.540278 0.007031 0.019444
0 0.707031 0.554861 0.009375 0.023611
2 0.685156 0.551389 0.012500 0.033333
1 0.777734 0.533333 0.007031 0.016667
2 0.990625 0.536806 0.007812 0.018056
2 0.961719 0.543056 0.009375 0.019444
