1 0.815625 0.609722 0.025000 0.047222
1 0.260547 0.578472 0.011719 0.029167
2 0.235937 0.634028 0.021875 0.048611
1 0.308203 0.588194 0.013281 0.031944
0 0.475781 0.566667 0.010937 0.025000
0 0.596484 0.567361 0.010156 0.026389
1 0.989062 0.736806 0.021875 0.087500
0 0.381641 0.558333 0.008594 0.022222
1 0.230859 0.554861 0.008594 0.020833
2 0.183203 0.823611 0.042969 0.113889
0 0.341797 0.546528 0.008594 0.020833
0 0.714453 0.546528 0.008594 0.020833
0 0.683984 0.558333 0.010156 0.025000
1 0.745703 0.532639 0.007031 0.018056
2 0.936328 0.534722 0.007031 0.019444
2 0.915625 0.543750 0.007812 0.020833
2 0.663281 0.555556 0.010937 0.033333
1 0.264844 0.538889 0.006250 0.016667
2 0.950781 0.529167 0.006250 0.016667
