2 0.114453 0.678472 0.036719 0.068056
1 0.237891 0.606944 0.017969 0.038889
0 0.442188 0.574306 0.010937 0.026389
1 0.181641 0.593056 0.016406 0.033333
0 0.572656 0.571528 0.010937 0.026389
1 0.810937 0.615972 0.026562 0.056944
0 0.335547 0.566667 0.010156 0.025000
1 0.156250 0.564583 0.012500 0.026389
0 0.967578 0.551389 0.011719 0.022222
0 0.291797 0.554167 0.008594 0.022222
1 0.205469 0.545139 0.007812 0.018056
2 0.874219 0.541667 0.009375 0.019444
0 0.661328 0.559722 0.010156 0.025000
2 0.776563 0.536111 0.007812 0.016667
1 0.271875 0.534722 0.006250 0.016667
0 0.689453 0.548611 0.008594 0.022222
1 0.715625 0.534028 0.006250 0.015278
