1 0.260937 0.578472 0.012500 0.029167
1 0.816016 0.609722 0.024219 0.047222
2 0.236328 0.634028 0.021094 0.048611
1 0.308203 0.588194 0.013281 0.031944
1 0.989062 0.737500 0.021875 0.086111
0 0.596484 0.567361 0.010156 0.026389
0 0.476172 0.566667 0.010156 0.025000
0 0.381641 0.558333 0.008594 0.022222
2 0.183984 0.822222 0.042969 0.111111
1 0.230859 0.554861 0.008594 0.020833
0 0.341797 0.546528 0.008594 0.020833
1 0.745703 0.532639 0.007031 0.018056
0 0.683984 0.558333 0.010156 0.025000
0 0.714844 0.545833 0.007812 0.022222
2 0.936328 0.534722 0.007031 0.019444
2 0.916016 0.543056 0.008594 0.019444
2 0.663672 0.555556 0.011719 0.033333
1 0.265625 0.539583 0.006250 0.015278
