1 0.144531 0.629167 0.025000 0.047222
1 0.078125 0.612500 0.025000 0.041667
1 0.807813 0.630556 0.026562 0.050000
0 0.283984 0.572917 0.011719 0.029167
0 0.405859 0.580556 0.013281 0.030556
0 0.549219 0.577083 0.012500 0.029167
1 0.062109 0.575000 0.016406 0.027778
0 0.236719 0.559028 0.010937 0.023611
0 0.926172 0.550000 0.010156 0.022222
1 0.135937 0.550694 0.009375 0.020833
0 0.641016 0.562500 0.010156 0.025000
0 0.248828 0.546528 0.008594 0.018056
2 0.620703 0.561806 0.013281 0.034722
0 0.287500 0.537500 0.007812 0.016667
2 0.839453 0.540278 0.008594 0.019444
0 0.335938 0.531250 0.006250 0.015278
2 0.746484 0.534722 0.007031 0.016667
1 0.220703 0.536806 0.007031 0.018056
