1 0.955078 0.694444 0.049219 0.077778
2 0.320703 0.713889 0.032031 0.086111
2 0.315234 0.605556 0.016406 0.036111
1 0.362891 0.573611 0.011719 0.027778
0 0.420703 0.550694 0.008594 0.020833
0 0.619922 0.560417 0.010156 0.023611
0 0.507031 0.558333 0.009375 0.025000
2 0.866016 0.561111 0.017969 0.041667
1 0.289844 0.547222 0.007812 0.019444
1 0.825000 0.596528 0.021875 0.045833
1 0.321094 0.565278 0.010937 0.025000
0 0.707422 0.554861 0.010156 0.023611
0 0.383594 0.540278 0.007812 0.019444
2 0.685156 0.551389 0.012500 0.033333
2 0.991016 0.536806 0.008594 0.018056
2 0.962109 0.543056 0.008594 0.019444
