1 0.816016 0.609722 0.024219 0.047222
1 0.261719 0.578472 0.012500 0.029167
2 0.237109 0.634028 0.021094 0.048611
1 0.308984 0.588194 0.013281 0.031944
1 0.988672 0.737500 0.022656 0.086111
0 0.476172 0.566667 0.010156 0.025000
0 0.596484 0.567361 0.010156 0.026389
0 0.381641 0.558333 0.008594 0.022222
1 0.231250 0.555556 0.009375 0.022222
0 0.342187 0.546528 0.007812 0.020833
2 0.185156 0.820833 0.042188 0.108333
0 0.683984 0.558333 0.010156 0.025000
1 0.746094 0.532639 0.006250 0.018056
2 0.937109 0.535417 0.007031 0.018056
2 0.663672 0.555556 0.011719 0.033333
2 0.916016 0.543056 0.008594 0.019444
1 0.266016 0.540278 0.007031 0.016667
0 0.715234 0.545833 0.008594 0.022222
