1 0.144141 0.629167 0.025781 0.047222
1 0.076953 0.613194 0.025781 0.040278
0 0.283594 0.572917 0.012500 0.029167
1 0.808203 0.630556 0.025781 0.050000
0 0.405469 0.580556 0.012500 0.030556
0 0.549219 0.577083 0.012500 0.029167
0 0.236328 0.560417 0.011719 0.023611
0 0.926172 0.550000 0.010156 0.022222
0 0.641016 0.562500 0.010156 0.025000
1 0.060937 0.575694 0.015625 0.029167
1 0.134766 0.550694 0.010156 0.020833
0 0.248047 0.547222 0.008594 0.019444
0 0.287109 0.536806 0.007031 0.018056
2 0.620313 0.561806 0.012500 0.034722
2 0.839063 0.540278 0.007812 0.019444
2 0.746094 0.534722 0.006250 0.016667
1 0.220312 0.536806 0.007812 0.018056
0 0.335547 0.531250 0.005469 0.015278
1 0.689063 0.533333 0.006250 0.016667
