0 0.789062 0.627778 0.029687 0.050000
2 0.652344 0.663194 0.031250 0.065278
1 0.201563 0.627778 0.028125 0.050000
2 0.334766 0.663889 0.030469 0.063889
0 0.987891 0.654861 0.024219 0.059722
1 0.841797 0.586806 0.021094 0.031944
0 0.150781 0.586111 0.018750 0.036111
0 0.332422 0.568056 0.011719 0.027778
1 0.662891 0.568056 0.011719 0.027778
0 0.428125 0.550694 0.007812 0.023611
0 0.058203 0.540278 0.010156 0.019444
0 0.150391 0.533333 0.008594 0.016667
1 0.568359 0.548611 0.008594 0.025000
1 0.117969 0.530556 0.007812 0.016667
