1 0.812109 0.644444 0.027344 0.055556
0 0.209375 0.585417 0.015625 0.031944
0 0.355859 0.592361 0.016406 0.034722
0 0.521484 0.582639 0.013281 0.031944
0 0.157031 0.569444 0.012500 0.027778
0 0.617188 0.566667 0.010937 0.025000
0 0.178516 0.553472 0.010156 0.020833
0 0.289062 0.534028 0.006250 0.015278
0 0.884375 0.547917 0.009375 0.020833
1 0.032422 0.560417 0.013281 0.023611
0 0.229687 0.540972 0.007812 0.018056
0 0.951562 0.550694 0.010937 0.020833
2 0.596875 0.564583 0.014063 0.037500
2 0.803125 0.538194 0.007812 0.020833
1 0.245312 0.531944 0.006250 0.013889
0 0.622656 0.539583 0.007812 0.018056
1 0.149609 0.540972 0.008594 0.018056
2 0.715625 0.534722 0.006250 0.016667
