2 0.116406 0.678472 0.035937 0.068056
1 0.238672 0.606250 0.017969 0.037500
1 0.183203 0.593056 0.016406 0.033333
0 0.442578 0.573611 0.011719 0.027778
0 0.573047 0.571528 0.011719 0.026389
1 0.157422 0.565278 0.011719 0.025000
1 0.810937 0.616667 0.026562 0.055556
0 0.292578 0.554167 0.008594 0.022222
0 0.336328 0.566667 0.010156 0.025000
0 0.967969 0.552083 0.010937 0.020833
1 0.205859 0.545139 0.008594 0.018056
2 0.875000 0.543056 0.009375 0.019444
2 0.776563 0.536111 0.007812 0.016667
0 0.662109 0.559722 0.010156 0.025000
1 0.272656 0.534028 0.006250 0.015278
1 0.715625 0.534028 0.006250 0.015278
2 0.641406 0.558333 0.012500 0.033333
0 0.689453 0.548611 0.008594 0.022222
