2 0.319531 0.714583 0.032813 0.084722
1 0.955859 0.695139 0.049219 0.079167
2 0.314453 0.604861 0.016406 0.037500
1 0.361719 0.573611 0.010937 0.027778
0 0.419922 0.550694 0.008594 0.020833
0 0.619141 0.560417 0.010156 0.023611
0 0.506250 0.559028 0.009375 0.023611
1 0.289062 0.547222 0.007812 0.019444
2 0.865625 0.561111 0.017188 0.041667
1 0.824609 0.597222 0.021094 0.044444
1 0.320312 0.566667 0.010937 0.025000
0 0.383203 0.540278 0.007031 0.019444
0 0.707031 0.554861 0.009375 0.023611
2 0.685156 0.551389 0.012500 0.033333
1 0.777734 0.533333 0.007031 0.016667
