2 0.320703 0.713194 0.032031 0.087500
1 0.955469 0.694444 0.050000 0.077778
2 0.314844 0.604861 0.017188 0.037500
1 0.362500 0.573611 0.010937 0.027778
0 0.420312 0.550694 0.007812 0.020833
0 0.619531 0.559722 0.010937 0.025000
0 0.507031 0.559028 0.009375 0.023611
2 0.866016 0.561111 0.017969 0.041667
1 0.289844 0.547222 0.007812 0.019444
1 0.825000 0.596528 0.020313 0.045833
1 0.321094 0.565278 0.010937 0.025000
0 0.707422 0.554861 0.010156 0.023611
0 0.383594 0.540278 0.007812 0.019444
2 0.685156 0.551389 0.012500 0.033333
2 0.991016 0.536806 0.008594 0.018056
2 0.961719 0.543056 0.009375 0.019444
