2 0.113672 0.679861 0.036719 0.068056
1 0.237109 0.606250 0.017969 0.037500
1 0.181641 0.593056 0.016406 0.033333
0 0.442188 0.574306 0.010937 0.026389
0 0.572656 0.571528 0.010937 0.026389
1 0.810937 0.615278 0.026562 0.055556
0 0.335156 0.565972 0.009375 0.023611
1 0.155859 0.563889 0.011719 0.025000
0 0.967187 0.551389 0.010937 0.022222
0 0.291797 0.552778 0.008594 0.022222
1 0.205078 0.545139 0.008594 0.018056
2 0.874219 0.541667 0.009375 0.019444
0 0.661328 0.559722 0.010156 0.025000
2 0.776172 0.536111 0.007031 0.016667
1 0.271875 0.534722 0.006250 0.016667
0 0.689453 0.548611 0.008594 0.022222
