0 0.131250 0.660417 0.035937 0.062500
1 0.870703 0.720139 0.050781 0.090278
0 0.431641 0.616667 0.022656 0.044444
0 0.556641 0.579861 0.011719 0.029167
0 0.121875 0.545139 0.009375 0.018056
0 0.796484 0.544444 0.008594 0.019444
0 0.217578 0.535417 0.007031 0.018056
0 0.848828 0.545139 0.008594 0.020833
0 0.470703 0.530556 0.005469 0.013889
1 0.051953 0.543056 0.010156 0.019444
0 0.555078 0.541667 0.007031 0.019444
0 0.004687 0.560417 0.009375 0.023611
0 0.419141 0.528472 0.005469 0.012500
0 0.516797 0.534028 0.005469 0.015278
2 0.642969 0.533333 0.006250 0.016667
0 0.361328 0.529167 0.005469 0.013889
