0 0.330078 0.672917 0.033594 0.068056
0 0.508594 0.597222 0.015625 0.038889
3 0.481641 0.600000 0.024219 0.072222
1 0.728125 0.622222 0.018750 0.047222
0 0.792578 0.544444 0.008594 0.019444
0 0.414453 0.534028 0.005469 0.015278
0 0.083984 0.546528 0.008594 0.020833
0 0.285156 0.533333 0.006250 0.016667
0 0.465234 0.537500 0.007031 0.016667
0 0.507422 0.547222 0.007031 0.019444
0 0.354687 0.532639 0.006250 0.015278
0 0.746094 0.545833 0.007812 0.019444
0 0.942578 0.548611 0.010156 0.022222
2 0.676562 0.538194 0.006250 0.018056
2 0.597266 0.534722 0.005469 0.016667
1 0.985938 0.843056 0.028125 0.175000
3 0.749609 0.638194 0.036719 0.095833
