1 0.840234 0.686111 0.038281 0.075000
0 0.229687 0.627778 0.026562 0.050000
0 0.465234 0.601389 0.017969 0.038889
0 0.822656 0.544444 0.007812 0.019444
0 0.186328 0.538889 0.008594 0.019444
0 0.879297 0.546528 0.008594 0.020833
0 0.095703 0.551389 0.010156 0.022222
1 0.128125 0.537500 0.007812 0.016667
0 0.005078 0.622222 0.010156 0.050000
0 0.392578 0.527083 0.005469 0.015278
0 0.264844 0.533333 0.007812 0.016667
0 0.539844 0.534028 0.006250 0.015278
0 0.576172 0.572222 0.011719 0.030556
0 0.003125 0.571528 0.006250 0.029167
0 0.495703 0.529167 0.005469 0.013889
0 0.332813 0.529167 0.006250 0.013889
2 0.665234 0.534722 0.005469 0.016667
0 0.446484 0.526389 0.005469 0.013889
3 0.751953 0.595139 0.022656 0.076389
