1 0.914062 0.765278 0.067187 0.113889
0 0.396484 0.634722 0.025781 0.052778
0 0.010547 0.712500 0.021094 0.061111
0 0.537109 0.585417 0.013281 0.034722
0 0.775000 0.545139 0.009375 0.020833
0 0.051953 0.550694 0.010156 0.020833
0 0.168750 0.538889 0.007812 0.019444
0 0.824219 0.545139 0.009375 0.020833
0 0.496094 0.536806 0.006250 0.018056
0 0.393750 0.529861 0.006250 0.015278
0 0.535547 0.543750 0.007031 0.018056
0 0.447656 0.531944 0.006250 0.013889
0 0.331641 0.531250 0.005469 0.015278
0 0.258203 0.534028 0.007031 0.018056
2 0.623828 0.534722 0.005469 0.016667
1 0.137500 0.535417 0.007812 0.018056
0 0.989062 0.549306 0.010937 0.023611
