1 0.915234 0.766667 0.067969 0.113889
0 0.395703 0.634722 0.025781 0.052778
0 0.008984 0.704167 0.017969 0.083333
0 0.537109 0.586111 0.013281 0.033333
0 0.050781 0.551389 0.010937 0.022222
0 0.823438 0.544444 0.009375 0.019444
0 0.167969 0.538889 0.007812 0.019444
0 0.774219 0.544444 0.009375 0.022222
0 0.495703 0.536806 0.007031 0.018056
0 0.392969 0.529861 0.006250 0.015278
0 0.447266 0.531944 0.005469 0.013889
0 0.535547 0.543750 0.007031 0.018056
1 0.136719 0.535417 0.007812 0.018056
3 0.512500 0.586111 0.021875 0.063889
0 0.988672 0.549306 0.011719 0.023611
0 0.331250 0.531250 0.006250 0.015278
2 0.623047 0.534028 0.005469 0.015278
0 0.257812 0.534028 0.006250 0.018056
