1 0.840625 0.686111 0.039062 0.075000
0 0.230469 0.627778 0.026562 0.050000
0 0.465234 0.601389 0.017969 0.038889
0 0.823047 0.544444 0.008594 0.019444
0 0.879297 0.546528 0.008594 0.020833
0 0.005859 0.625694 0.010156 0.043056
0 0.186719 0.538889 0.009375 0.019444
0 0.095703 0.551389 0.010156 0.022222
1 0.128516 0.537500 0.008594 0.016667
0 0.392578 0.527083 0.005469 0.015278
0 0.576562 0.572917 0.010937 0.029167
0 0.265234 0.533333 0.007031 0.016667
0 0.540234 0.534028 0.005469 0.015278
0 0.003516 0.570833 0.007031 0.025000
0 0.332813 0.528472 0.006250 0.015278
0 0.495703 0.529167 0.005469 0.013889
0 0.446484 0.527778 0.005469 0.013889
2 0.665234 0.534722 0.005469 0.016667
