0 0.132422 0.659722 0.035156 0.063889
1 0.870313 0.718750 0.051562 0.090278
0 0.432422 0.616667 0.022656 0.044444
0 0.556641 0.579167 0.011719 0.030556
0 0.122266 0.545139 0.008594 0.018056
0 0.796875 0.544444 0.007812 0.019444
0 0.218359 0.535417 0.007031 0.018056
0 0.849219 0.545833 0.009375 0.019444
0 0.470703 0.529861 0.005469 0.015278
0 0.005469 0.561111 0.010937 0.022222
0 0.419922 0.527778 0.005469 0.013889
0 0.555078 0.541667 0.007031 0.019444
0 0.517188 0.534028 0.006250 0.015278
1 0.053125 0.543750 0.009375 0.018056
0 0.362109 0.529167 0.005469 0.013889
2 0.643359 0.533333 0.005469 0.016667
