1 0.914844 0.766667 0.067187 0.113889
0 0.396484 0.635417 0.025781 0.054167
0 0.008984 0.707639 0.017969 0.076389
0 0.537109 0.586111 0.013281 0.033333
0 0.051172 0.551389 0.010156 0.022222
0 0.167969 0.538889 0.007812 0.019444
0 0.823828 0.545139 0.008594 0.020833
0 0.775000 0.545139 0.009375 0.020833
0 0.495703 0.536806 0.007031 0.018056
0 0.393359 0.529861 0.005469 0.015278
0 0.535547 0.543750 0.007031 0.018056
0 0.447266 0.531944 0.005469 0.013889
0 0.331250 0.531250 0.006250 0.015278
1 0.136719 0.535417 0.007812 0.018056
0 0.988672 0.550000 0.011719 0.025000
0 0.257812 0.534028 0.006250 0.018056
3 0.513281 0.585417 0.021875 0.065278
2 0.623437 0.534722 0.006250 0.016667
