0 0.330078 0.672917 0.033594 0.068056
0 0.508594 0.597222 0.015625 0.038889
3 0.482031 0.599306 0.025000 0.070833
1 0.728125 0.622222 0.018750 0.047222
0 0.792578 0.544444 0.008594 0.019444
0 0.414453 0.534028 0.005469 0.015278
0 0.084766 0.547222 0.008594 0.019444
0 0.285156 0.533333 0.006250 0.016667
0 0.507812 0.547222 0.007812 0.019444
0 0.465234 0.537500 0.007031 0.016667
0 0.355078 0.532639 0.005469 0.015278
0 0.746094 0.545139 0.007812 0.018056
0 0.942578 0.548611 0.010156 0.022222
1 0.985938 0.845139 0.028125 0.170833
2 0.676562 0.538889 0.006250 0.016667
2 0.597266 0.535417 0.005469 0.015278
3 0.749609 0.638194 0.036719 0.095833
