0 0.310937 0.603472 0.018750 0.037500
1 0.820703 0.657639 0.030469 0.062500
0 0.137109 0.597917 0.019531 0.037500
0 0.499219 0.589583 0.014063 0.034722
0 0.080078 0.577778 0.014844 0.030556
0 0.857812 0.546528 0.009375 0.020833
0 0.113672 0.559028 0.011719 0.023611
0 0.918750 0.547917 0.009375 0.020833
0 0.180078 0.544444 0.008594 0.019444
0 0.249219 0.535417 0.007812 0.018056
2 0.693750 0.533333 0.006250 0.016667
0 0.600391 0.568750 0.010156 0.026389
0 0.603906 0.540278 0.007812 0.019444
0 0.567969 0.533333 0.006250 0.016667
0 0.524609 0.528472 0.005469 0.015278
1 0.201172 0.534028 0.007031 0.018056
