0 0.310937 0.603472 0.018750 0.037500
1 0.820703 0.657639 0.030469 0.062500
0 0.136719 0.598611 0.018750 0.038889
0 0.498828 0.589583 0.014844 0.034722
0 0.079687 0.577778 0.015625 0.030556
0 0.857422 0.546528 0.008594 0.020833
0 0.112891 0.559028 0.011719 0.023611
0 0.918750 0.547222 0.009375 0.019444
0 0.179688 0.545139 0.009375 0.020833
0 0.249219 0.535417 0.007812 0.018056
2 0.693359 0.533333 0.005469 0.016667
0 0.600391 0.568750 0.010156 0.026389
0 0.603906 0.540278 0.007812 0.019444
0 0.567969 0.533333 0.006250 0.016667
