0 0.131641 0.659722 0.035156 0.063889
1 0.870703 0.720139 0.050781 0.090278
0 0.432422 0.616667 0.022656 0.044444
0 0.556641 0.579861 0.011719 0.029167
0 0.122266 0.545139 0.008594 0.018056
0 0.796875 0.544444 0.007812 0.019444
0 0.217969 0.535417 0.007812 0.018056
0 0.470703 0.529861 0.005469 0.015278
0 0.005078 0.560417 0.010156 0.023611
0 0.848828 0.545139 0.008594 0.020833
0 0.555078 0.541667 0.007031 0.019444
1 0.052344 0.543750 0.009375 0.018056
0 0.419141 0.528472 0.005469 0.012500
0 0.516797 0.534028 0.005469 0.015278
2 0.643359 0.533333 0.005469 0.016667
0 0.361328 0.529167 0.005469 0.013889
