1 0.840234 0.684722 0.038281 0.075000
0 0.231641 0.627083 0.025781 0.048611
0 0.466016 0.601389 0.017969 0.038889
0 0.007031 0.625000 0.014063 0.041667
0 0.823438 0.544444 0.007812 0.019444
0 0.880078 0.545833 0.008594 0.019444
0 0.096875 0.551389 0.010937 0.022222
0 0.187891 0.539583 0.008594 0.018056
1 0.129688 0.537500 0.007812 0.016667
0 0.576953 0.572222 0.011719 0.030556
0 0.004297 0.570139 0.008594 0.026389
0 0.393359 0.527083 0.005469 0.015278
0 0.540625 0.534028 0.006250 0.015278
0 0.266016 0.534028 0.007031 0.015278
0 0.496094 0.529167 0.004687 0.013889
0 0.333594 0.529167 0.006250 0.013889
2 0.555859 0.573611 0.016406 0.044444
