3 0.895703 0.834722 0.114844 0.269444
3 0.254688 0.751389 0.065625 0.188889
1 0.755469 0.722222 0.048438 0.091667
0 0.353125 0.690972 0.032813 0.076389
0 0.264844 0.546528 0.009375 0.020833
0 0.390234 0.563194 0.011719 0.026389
0 0.168750 0.546528 0.009375 0.020833
0 0.658984 0.548611 0.008594 0.022222
0 0.336719 0.550000 0.009375 0.022222
0 0.031641 0.554167 0.011719 0.022222
0 0.698438 0.545833 0.007812 0.019444
2 0.504687 0.540972 0.006250 0.018056
1 0.217578 0.536806 0.007031 0.018056
1 0.442188 0.544444 0.007812 0.019444
3 0.694531 0.636806 0.035937 0.101389
0 0.418359 0.593056 0.016406 0.036111
2 0.589063 0.542361 0.006250 0.018056
0 0.816016 0.545833 0.008594 0.019444
2 0.405078 0.626389 0.030469 0.086111
1 0.323047 0.536806 0.007031 0.018056
0 0.984766 0.550694 0.010156 0.023611
2 0.694531 0.637500 0.035937 0.102778
