0 0.250391 0.722917 0.046094 0.090278
3 0.758203 0.656250 0.042969 0.118056
3 0.451172 0.615972 0.028906 0.087500
1 0.726953 0.636111 0.025781 0.052778
0 0.484375 0.606944 0.018750 0.044444
0 0.483984 0.549306 0.008594 0.020833
0 0.769141 0.544444 0.008594 0.019444
3 0.707422 0.593750 0.024219 0.068056
0 0.439453 0.539583 0.007031 0.018056
0 0.725000 0.545833 0.009375 0.019444
0 0.385937 0.536111 0.006250 0.016667
0 0.242578 0.536111 0.007031 0.019444
0 0.321094 0.534722 0.006250 0.016667
2 0.576562 0.536111 0.006250 0.016667
1 0.521484 0.537500 0.005469 0.016667
2 0.655859 0.538889 0.007031 0.019444
