0 0.249609 0.723611 0.047656 0.091667
3 0.758203 0.656250 0.042969 0.118056
3 0.450781 0.615972 0.028125 0.087500
1 0.726953 0.636111 0.025781 0.052778
0 0.483594 0.609028 0.018750 0.043056
0 0.483203 0.549306 0.008594 0.020833
0 0.769141 0.544444 0.008594 0.019444
0 0.439453 0.539583 0.007031 0.018056
3 0.707031 0.593750 0.023438 0.068056
0 0.724609 0.545833 0.008594 0.019444
0 0.385156 0.536111 0.006250 0.016667
0 0.320703 0.534722 0.007031 0.016667
0 0.241797 0.536806 0.007031 0.018056
2 0.576172 0.536111 0.005469 0.016667
2 0.655469 0.538889 0.007812 0.019444
1 0.521094 0.537500 0.006250 0.016667
0 0.908594 0.547222 0.009375 0.019444
1 0.494141 0.534028 0.005469 0.015278
