0 0.116016 0.815972 0.077344 0.134722
3 0.775000 0.684722 0.053125 0.141667
1 0.728906 0.653472 0.029687 0.059722
0 0.455469 0.624306 0.021875 0.045833
0 0.459375 0.552778 0.009375 0.022222
3 0.701953 0.606250 0.027344 0.073611
0 0.747266 0.544444 0.008594 0.019444
0 0.283203 0.537500 0.007031 0.019444
0 0.354687 0.538194 0.006250 0.018056
0 0.412891 0.542361 0.007031 0.018056
0 0.879297 0.546528 0.008594 0.020833
0 0.704688 0.545833 0.009375 0.022222
0 0.194141 0.540278 0.008594 0.019444
2 0.635938 0.539583 0.007812 0.020833
2 0.555859 0.537500 0.005469 0.016667
3 0.417578 0.635417 0.024219 0.098611
1 0.499219 0.538194 0.006250 0.018056
