3 0.812891 0.736111 0.072656 0.183333
1 0.736719 0.679861 0.039062 0.073611
3 0.696094 0.618056 0.031250 0.088889
0 0.377734 0.545833 0.008594 0.019444
0 0.426563 0.557639 0.009375 0.023611
0 0.722266 0.544444 0.008594 0.019444
0 0.682031 0.547222 0.007812 0.019444
0 0.123828 0.546528 0.008594 0.020833
0 0.232422 0.540972 0.007031 0.018056
0 0.416797 0.647222 0.017969 0.055556
0 0.313672 0.540972 0.007031 0.018056
3 0.350391 0.677778 0.038281 0.133333
1 0.441797 0.537500 0.005469 0.016667
2 0.530859 0.538889 0.005469 0.016667
2 0.612500 0.540972 0.006250 0.018056
1 0.471875 0.540972 0.006250 0.018056
0 0.846484 0.545833 0.008594 0.019444
2 0.447656 0.606250 0.023438 0.062500
1 0.270313 0.534028 0.006250 0.015278
1 0.150391 0.536806 0.007031 0.018056
