0 0.115234 0.816667 0.078906 0.133333
3 0.775000 0.685417 0.053125 0.140278
1 0.728516 0.654167 0.030469 0.061111
0 0.455469 0.624306 0.021875 0.045833
0 0.458594 0.552778 0.009375 0.022222
3 0.701953 0.606250 0.027344 0.073611
0 0.747266 0.544444 0.008594 0.019444
0 0.283203 0.537500 0.007031 0.019444
0 0.354687 0.538194 0.006250 0.018056
0 0.412891 0.542361 0.007031 0.018056
0 0.704688 0.545833 0.009375 0.022222
0 0.878906 0.546528 0.009375 0.020833
0 0.193750 0.540278 0.007812 0.019444
2 0.555469 0.537500 0.006250 0.016667
2 0.635938 0.539583 0.007812 0.020833
3 0.417578 0.634722 0.024219 0.097222
1 0.499219 0.538194 0.006250 0.018056
