0 0.118359 0.813889 0.075781 0.133333
3 0.774609 0.684722 0.052344 0.141667
1 0.728516 0.653472 0.030469 0.059722
0 0.456250 0.623611 0.021875 0.047222
3 0.701953 0.606250 0.027344 0.073611
0 0.459375 0.552778 0.009375 0.022222
0 0.747266 0.544444 0.008594 0.019444
0 0.194531 0.539583 0.007812 0.020833
0 0.355078 0.538194 0.007031 0.018056
0 0.283984 0.536806 0.007031 0.018056
0 0.412891 0.542361 0.007031 0.018056
0 0.879687 0.546528 0.009375 0.020833
0 0.705078 0.545139 0.008594 0.020833
2 0.636328 0.539583 0.007031 0.020833
2 0.555859 0.537500 0.005469 0.016667
3 0.418359 0.635417 0.024219 0.098611
1 0.499609 0.538889 0.007031 0.016667
0 0.072266 0.545833 0.010156 0.025000
1 0.214062 0.534722 0.006250 0.016667
