1 0.767969 0.747222 0.056250 0.102778
3 0.939063 0.868750 0.110937 0.262500
0 0.322656 0.715972 0.042188 0.087500
3 0.695312 0.647917 0.039062 0.109722
3 0.182031 0.787500 0.053125 0.191667
0 0.373828 0.566667 0.011719 0.027778
0 0.401172 0.599306 0.016406 0.037500
0 0.689453 0.546528 0.008594 0.020833
0 0.241797 0.549306 0.008594 0.023611
0 0.318359 0.554167 0.008594 0.022222
0 0.649609 0.548611 0.008594 0.022222
1 0.428906 0.545833 0.007812 0.019444
2 0.493359 0.542361 0.007031 0.018056
0 0.137891 0.551389 0.010156 0.022222
0 0.803516 0.545833 0.008594 0.019444
1 0.192969 0.538889 0.007812 0.019444
2 0.579297 0.543056 0.007031 0.019444
1 0.305078 0.538194 0.007031 0.018056
0 0.967187 0.550000 0.010937 0.022222
1 0.394922 0.541667 0.007031 0.019444
1 0.031641 0.547222 0.010156 0.019444
