1 0.736719 0.679861 0.039062 0.073611
3 0.812891 0.735417 0.072656 0.181944
3 0.696094 0.617361 0.031250 0.087500
0 0.378125 0.545833 0.007812 0.019444
0 0.426953 0.557639 0.010156 0.023611
0 0.722656 0.544444 0.007812 0.019444
0 0.124609 0.545833 0.008594 0.022222
0 0.682031 0.547222 0.007812 0.019444
0 0.232422 0.541667 0.007031 0.019444
0 0.417187 0.647222 0.018750 0.055556
3 0.350781 0.677083 0.039062 0.131944
0 0.314063 0.540972 0.007812 0.018056
2 0.612891 0.540972 0.007031 0.018056
2 0.530859 0.538889 0.005469 0.016667
1 0.471875 0.540972 0.006250 0.018056
2 0.448047 0.606250 0.024219 0.062500
1 0.442188 0.537500 0.006250 0.016667
1 0.151172 0.536806 0.007031 0.018056
1 0.271094 0.534028 0.006250 0.015278
0 0.846875 0.545833 0.009375 0.019444
