3 0.896875 0.836111 0.114062 0.269444
3 0.253906 0.752083 0.065625 0.187500
1 0.755469 0.722917 0.048438 0.090278
0 0.352734 0.690972 0.032031 0.076389
0 0.264453 0.546528 0.008594 0.020833
0 0.390234 0.563194 0.011719 0.026389
0 0.335938 0.550694 0.009375 0.020833
0 0.168359 0.547917 0.008594 0.020833
0 0.658984 0.548611 0.008594 0.022222
0 0.030859 0.554167 0.011719 0.022222
0 0.698047 0.545833 0.008594 0.019444
1 0.217188 0.536806 0.006250 0.018056
2 0.504687 0.540972 0.006250 0.018056
3 0.694531 0.637500 0.035937 0.102778
1 0.441797 0.544444 0.007031 0.019444
0 0.417969 0.593056 0.015625 0.036111
0 0.816016 0.545833 0.008594 0.019444
2 0.588672 0.543056 0.007031 0.019444
1 0.070312 0.543750 0.009375 0.018056
1 0.322266 0.536111 0.007031 0.016667
2 0.694531 0.637500 0.035937 0.102778
2 0.404297 0.626389 0.030469 0.086111
