1 0.767578 0.746528 0.055469 0.101389
0 0.324219 0.714583 0.042188 0.084722
3 0.936719 0.868056 0.109375 0.263889
3 0.695312 0.647917 0.039062 0.109722
3 0.185938 0.783333 0.051562 0.186111
0 0.374609 0.566667 0.011719 0.027778
0 0.401953 0.599306 0.016406 0.037500
0 0.318750 0.554167 0.009375 0.022222
0 0.689453 0.546528 0.008594 0.020833
2 0.493750 0.542361 0.006250 0.018056
1 0.429688 0.545833 0.007812 0.019444
0 0.242969 0.548611 0.009375 0.022222
0 0.650391 0.549306 0.008594 0.020833
0 0.139453 0.550694 0.010156 0.023611
0 0.803906 0.545139 0.007812 0.020833
1 0.193750 0.538889 0.007812 0.019444
2 0.579297 0.543056 0.007031 0.019444
0 0.967969 0.550000 0.010937 0.022222
1 0.305859 0.538194 0.007031 0.018056
1 0.395313 0.541667 0.007812 0.019444
1 0.032813 0.547222 0.010937 0.019444
