0 0.250000 0.723611 0.046875 0.091667
3 0.758203 0.656250 0.042969 0.118056
3 0.451172 0.615972 0.028906 0.087500
1 0.726953 0.636111 0.025781 0.052778
0 0.483984 0.606944 0.019531 0.044444
0 0.483203 0.549306 0.008594 0.020833
0 0.769141 0.544444 0.008594 0.019444
0 0.439453 0.539583 0.007031 0.018056
3 0.707422 0.593750 0.024219 0.068056
0 0.724609 0.545833 0.008594 0.019444
0 0.385156 0.536111 0.006250 0.016667
0 0.242578 0.536806 0.007031 0.018056
0 0.321094 0.534722 0.006250 0.016667
2 0.576172 0.536111 0.005469 0.016667
1 0.971875 0.567361 0.025000 0.026389
1 0.521484 0.537500 0.005469 0.016667
2 0.655859 0.538889 0.007031 0.019444
0 0.908984 0.547917 0.010156 0.020833
1 0.494141 0.534028 0.005469 0.015278
