0 0.116797 0.815278 0.075781 0.133333
3 0.774609 0.684722 0.052344 0.141667
1 0.728906 0.653472 0.029687 0.059722
0 0.455859 0.624306 0.022656 0.045833
0 0.459375 0.552778 0.009375 0.022222
3 0.701953 0.606250 0.027344 0.073611
0 0.747266 0.544444 0.008594 0.019444
0 0.283594 0.537500 0.007812 0.019444
0 0.355078 0.538194 0.007031 0.018056
0 0.412891 0.542361 0.007031 0.018056
0 0.879297 0.546528 0.008594 0.020833
0 0.704688 0.545833 0.009375 0.022222
0 0.194141 0.540278 0.008594 0.019444
2 0.635938 0.539583 0.007812 0.020833
2 0.555859 0.537500 0.005469 0.016667
3 0.418359 0.634722 0.024219 0.097222
1 0.499219 0.538194 0.006250 0.018056
