3 0.813672 0.737500 0.072656 0.183333
1 0.736719 0.680556 0.039062 0.075000
3 0.695703 0.618056 0.030469 0.088889
0 0.376953 0.546528 0.008594 0.020833
0 0.426563 0.557639 0.009375 0.023611
0 0.722266 0.545139 0.008594 0.018056
0 0.122656 0.546528 0.007812 0.020833
0 0.681250 0.546528 0.007812 0.020833
0 0.231641 0.540972 0.007031 0.018056
0 0.414844 0.645139 0.018750 0.051389
0 0.313281 0.541667 0.007812 0.016667
2 0.530469 0.538889 0.006250 0.016667
2 0.612109 0.540972 0.007031 0.018056
0 0.846094 0.545833 0.009375 0.019444
1 0.441406 0.537500 0.006250 0.016667
1 0.471094 0.540972 0.006250 0.018056
3 0.349609 0.679167 0.038281 0.133333
2 0.447266 0.606250 0.024219 0.065278
1 0.149219 0.536806 0.007812 0.018056
