3 0.897656 0.836806 0.114062 0.270833
3 0.253125 0.752778 0.065625 0.186111
1 0.755859 0.723611 0.049219 0.091667
0 0.351953 0.690972 0.032031 0.076389
0 0.264453 0.546528 0.008594 0.020833
0 0.167578 0.547917 0.008594 0.020833
0 0.389844 0.563194 0.012500 0.026389
0 0.335938 0.550694 0.009375 0.020833
0 0.658984 0.548611 0.008594 0.022222
0 0.698047 0.545833 0.008594 0.019444
0 0.030469 0.554167 0.010937 0.022222
1 0.216797 0.537500 0.007031 0.016667
1 0.441406 0.544444 0.007812 0.019444
2 0.504687 0.540972 0.006250 0.018056
1 0.069531 0.544444 0.009375 0.019444
0 0.417969 0.594444 0.015625 0.036111
3 0.694531 0.637500 0.035937 0.102778
2 0.694141 0.637500 0.036719 0.102778
0 0.815625 0.545833 0.007812 0.019444
2 0.588672 0.542361 0.007031 0.018056
1 0.322266 0.536111 0.007031 0.016667
2 0.404297 0.626389 0.030469 0.086111
