3 0.230469 0.749306 0.071875 0.190278
3 0.790234 0.765278 0.078906 0.208333
0 0.319141 0.640972 0.028906 0.054167
0 0.303906 0.585417 0.017188 0.034722
0 0.144141 0.561111 0.013281 0.025000
0 0.792188 0.547917 0.009375 0.020833
0 0.676562 0.551389 0.009375 0.022222
0 0.635547 0.555556 0.008594 0.022222
1 0.383984 0.554167 0.010156 0.022222
1 0.345703 0.550000 0.008594 0.019444
0 0.240234 0.565972 0.013281 0.029167
0 0.954688 0.551389 0.012500 0.022222
1 0.892578 0.579167 0.025781 0.025000
2 0.460547 0.549306 0.007031 0.020833
1 0.873828 0.564583 0.014844 0.026389
2 0.557031 0.549306 0.007812 0.020833
1 0.091016 0.549306 0.010156 0.020833
