0 0.224609 0.716667 0.047656 0.086111
0 0.252344 0.606944 0.023438 0.041667
0 0.190625 0.579861 0.017188 0.031944
0 0.701562 0.559028 0.010937 0.023611
1 0.323828 0.556944 0.010156 0.022222
0 0.657031 0.563194 0.010937 0.026389
2 0.564844 0.556250 0.009375 0.023611
1 0.366406 0.562500 0.009375 0.025000
0 0.080859 0.572917 0.016406 0.029167
0 0.831250 0.554861 0.010937 0.023611
2 0.455469 0.556250 0.009375 0.023611
1 0.035937 0.555556 0.012500 0.022222
1 0.942969 0.575694 0.018750 0.029167
1 0.204297 0.552083 0.010156 0.020833
2 0.473438 0.535417 0.006250 0.018056
2 0.545312 0.536111 0.006250 0.016667
