0 0.289062 0.664583 0.034375 0.065278
3 0.112500 0.855556 0.092188 0.277778
2 0.907031 0.865278 0.117188 0.269444
0 0.285156 0.593056 0.017188 0.036111
1 0.377344 0.556944 0.009375 0.022222
0 0.643750 0.558333 0.009375 0.025000
0 0.120313 0.565972 0.014063 0.026389
0 0.685937 0.554167 0.009375 0.022222
1 0.337500 0.552778 0.009375 0.022222
0 0.222266 0.569444 0.014844 0.033333
1 0.900000 0.568750 0.015625 0.026389
0 0.807422 0.550000 0.008594 0.022222
2 0.458594 0.550694 0.009375 0.023611
0 0.980469 0.554861 0.012500 0.023611
2 0.560547 0.551389 0.008594 0.022222
