3 0.231641 0.748611 0.071094 0.191667
3 0.788281 0.763194 0.078125 0.206944
0 0.319531 0.640278 0.029687 0.052778
0 0.303906 0.585417 0.017188 0.034722
0 0.792188 0.547917 0.009375 0.020833
0 0.676172 0.551389 0.008594 0.022222
0 0.144922 0.561806 0.013281 0.026389
0 0.635156 0.554861 0.009375 0.023611
1 0.345703 0.550000 0.008594 0.019444
1 0.384375 0.554167 0.009375 0.022222
0 0.240625 0.565972 0.012500 0.029167
0 0.954297 0.551389 0.011719 0.022222
2 0.460547 0.548611 0.007031 0.022222
1 0.891797 0.578472 0.027344 0.026389
1 0.873047 0.563889 0.014844 0.025000
2 0.557031 0.549306 0.007812 0.020833
1 0.091406 0.549306 0.010937 0.020833
