0 0.175781 0.754167 0.059375 0.102778
0 0.232813 0.616667 0.025000 0.044444
0 0.171875 0.584028 0.018750 0.034722
0 0.058984 0.577083 0.019531 0.029167
1 0.316797 0.559028 0.010156 0.023611
1 0.360156 0.565278 0.010937 0.025000
0 0.710156 0.560417 0.010937 0.026389
0 0.663672 0.567361 0.011719 0.026389
2 0.567578 0.559028 0.008594 0.023611
0 0.844141 0.556250 0.011719 0.023611
1 0.016797 0.557639 0.013281 0.020833
1 0.967578 0.579167 0.019531 0.033333
1 0.192578 0.553472 0.011719 0.023611
2 0.453125 0.559028 0.009375 0.023611
2 0.472656 0.536111 0.006250 0.016667
2 0.546875 0.536806 0.006250 0.018056
