0 0.224219 0.717361 0.046875 0.087500
0 0.251563 0.606944 0.023438 0.041667
0 0.189844 0.579861 0.017188 0.031944
0 0.701562 0.559028 0.010937 0.023611
0 0.657031 0.563194 0.010937 0.026389
1 0.323828 0.556944 0.010156 0.022222
2 0.565234 0.556250 0.008594 0.023611
1 0.366016 0.561806 0.010156 0.026389
0 0.080469 0.572917 0.017188 0.029167
0 0.831641 0.554861 0.011719 0.023611
2 0.455078 0.556250 0.008594 0.023611
1 0.943359 0.575694 0.017969 0.029167
1 0.035937 0.555556 0.012500 0.022222
1 0.204297 0.552083 0.010156 0.020833
2 0.473438 0.535417 0.006250 0.018056
