3 0.231641 0.748611 0.071094 0.191667
3 0.788672 0.763194 0.078906 0.206944
0 0.319531 0.639583 0.029687 0.054167
0 0.303906 0.585417 0.017188 0.034722
0 0.792188 0.547917 0.009375 0.020833
0 0.144922 0.561111 0.013281 0.025000
0 0.676172 0.551389 0.008594 0.022222
0 0.635156 0.554861 0.009375 0.023611
1 0.383984 0.554167 0.010156 0.022222
1 0.345703 0.550000 0.008594 0.019444
0 0.241016 0.565972 0.013281 0.029167
0 0.954688 0.551389 0.012500 0.022222
2 0.460547 0.548611 0.007031 0.022222
1 0.892578 0.577083 0.028906 0.026389
2 0.557031 0.549306 0.007812 0.020833
1 0.873047 0.563889 0.014844 0.025000
1 0.091406 0.549306 0.010937 0.020833
