0 0.225781 0.715278 0.046875 0.083333
0 0.252734 0.606944 0.022656 0.041667
0 0.190625 0.579861 0.017188 0.031944
0 0.701562 0.559028 0.010937 0.023611
0 0.081250 0.572222 0.017188 0.030556
0 0.656641 0.563194 0.011719 0.026389
1 0.324219 0.556944 0.009375 0.022222
2 0.564844 0.556250 0.009375 0.023611
1 0.366797 0.561806 0.010156 0.026389
0 0.831250 0.554861 0.010937 0.023611
2 0.455078 0.556250 0.008594 0.023611
1 0.036328 0.555556 0.013281 0.022222
1 0.942187 0.576389 0.018750 0.027778
1 0.204687 0.551389 0.009375 0.022222
2 0.473438 0.535417 0.006250 0.018056
