0 0.289062 0.663889 0.034375 0.063889
3 0.113672 0.854167 0.089844 0.277778
0 0.285547 0.593056 0.017969 0.036111
1 0.377344 0.556944 0.009375 0.022222
0 0.643359 0.558333 0.010156 0.025000
0 0.120313 0.565972 0.014063 0.026389
0 0.685937 0.554861 0.009375 0.023611
1 0.337500 0.552083 0.009375 0.020833
0 0.222656 0.569444 0.014063 0.033333
1 0.899609 0.568056 0.014844 0.027778
0 0.807031 0.550000 0.009375 0.022222
2 0.458594 0.550694 0.009375 0.023611
2 0.905469 0.863889 0.118750 0.272222
0 0.980078 0.554861 0.013281 0.023611
2 0.560156 0.551389 0.007812 0.022222
