3 0.231250 0.749306 0.071875 0.190278
3 0.789844 0.764583 0.078125 0.206944
0 0.319141 0.640278 0.028906 0.052778
0 0.303906 0.585417 0.017188 0.034722
0 0.144141 0.561806 0.013281 0.026389
0 0.792188 0.547917 0.009375 0.020833
0 0.676562 0.551389 0.009375 0.022222
0 0.635156 0.555556 0.009375 0.022222
1 0.383984 0.554167 0.010156 0.022222
0 0.240625 0.565972 0.012500 0.029167
1 0.345703 0.549306 0.008594 0.020833
0 0.954688 0.551389 0.012500 0.022222
1 0.892188 0.578472 0.026562 0.026389
2 0.460156 0.549306 0.007812 0.020833
1 0.873437 0.563889 0.014063 0.025000
2 0.557031 0.549306 0.007812 0.020833
1 0.091016 0.549306 0.010156 0.020833
