0 0.176563 0.753472 0.059375 0.104167
0 0.232813 0.615972 0.025000 0.045833
0 0.172266 0.584028 0.019531 0.034722
0 0.059375 0.577083 0.018750 0.029167
1 0.316797 0.559028 0.010156 0.023611
1 0.360156 0.565278 0.010937 0.025000
0 0.710156 0.560417 0.010937 0.026389
0 0.663672 0.567361 0.011719 0.026389
2 0.567578 0.559028 0.008594 0.023611
1 0.016797 0.558333 0.013281 0.022222
0 0.844141 0.556250 0.011719 0.023611
1 0.967187 0.579167 0.018750 0.033333
2 0.453516 0.559028 0.008594 0.023611
1 0.193359 0.552778 0.011719 0.022222
2 0.473047 0.536111 0.007031 0.016667
2 0.546875 0.536806 0.006250 0.018056
