3 0.705469 0.684028 0.050000 0.143056
1 0.828516 0.845833 0.082031 0.147222
3 0.307812 0.677778 0.046875 0.133333
0 0.348828 0.618056 0.022656 0.044444
0 0.324609 0.577083 0.013281 0.029167
0 0.626563 0.551389 0.009375 0.022222
0 0.173047 0.557639 0.011719 0.023611
0 0.041406 0.560417 0.012500 0.023611
0 0.665234 0.547917 0.008594 0.020833
1 0.392578 0.549306 0.008594 0.020833
1 0.355859 0.545833 0.008594 0.019444
1 0.853125 0.567361 0.026562 0.029167
0 0.184766 0.826389 0.049219 0.133333
0 0.773828 0.545139 0.008594 0.020833
0 0.924219 0.548611 0.010937 0.022222
2 0.463672 0.545833 0.007031 0.019444
2 0.553906 0.546528 0.007812 0.020833
0 0.263281 0.560417 0.010937 0.026389
1 0.117969 0.545139 0.009375 0.020833
1 0.992188 0.557639 0.014063 0.023611
