2 0.735156 0.756250 0.054688 0.104167
2 0.245312 0.756250 0.056250 0.106944
1 0.088672 0.677778 0.046094 0.069444
0 0.897266 0.676389 0.046094 0.069444
1 0.921484 0.606944 0.027344 0.041667
0 0.070703 0.606944 0.030469 0.044444
1 0.690234 0.579861 0.014844 0.029167
0 0.303516 0.579861 0.014844 0.031944
0 0.418750 0.559028 0.009375 0.023611
1 0.576953 0.559028 0.008594 0.023611
0 0.015625 0.544444 0.010937 0.019444
0 0.123047 0.534722 0.008594 0.016667
0 0.279297 0.527083 0.005469 0.015278
0 0.337500 0.526389 0.004687 0.013889
