2 0.245703 0.756250 0.055469 0.106944
2 0.735156 0.755556 0.054688 0.105556
1 0.089063 0.677778 0.046875 0.069444
0 0.897266 0.676389 0.047656 0.069444
0 0.070703 0.606944 0.030469 0.044444
1 0.920703 0.606944 0.027344 0.041667
1 0.690234 0.579861 0.014844 0.029167
0 0.303516 0.579861 0.014844 0.031944
0 0.418750 0.559028 0.009375 0.023611
1 0.576953 0.559028 0.008594 0.023611
0 0.016016 0.544444 0.010156 0.019444
0 0.123828 0.534722 0.008594 0.016667
0 0.279297 0.527083 0.005469 0.015278
0 0.337891 0.527083 0.005469 0.012500
