0 0.330859 0.623611 0.024219 0.047222
1 0.660156 0.623611 0.023438 0.047222
0 0.347656 0.536806 0.006250 0.018056
1 0.791797 0.536806 0.007031 0.018056
0 0.205859 0.536111 0.007031 0.019444
0 0.284766 0.535417 0.007031 0.018056
0 0.767969 0.530556 0.006250 0.016667
0 0.395703 0.540972 0.007031 0.020833
1 0.229687 0.531250 0.006250 0.015278
2 0.580078 0.579861 0.014844 0.045833
0 0.676953 0.529861 0.005469 0.015278
1 0.711719 0.534722 0.006250 0.016667
1 0.649609 0.536111 0.007031 0.016667
1 0.320703 0.529167 0.005469 0.013889
2 0.468359 0.529861 0.005469 0.015278
