1 0.688672 0.643750 0.028906 0.056944
0 0.300781 0.645833 0.029687 0.055556
0 0.340234 0.538889 0.007031 0.019444
0 0.275781 0.536806 0.007812 0.018056
3 0.588672 0.583333 0.019531 0.066667
0 0.191406 0.538889 0.007812 0.019444
0 0.418359 0.580556 0.011719 0.033333
1 0.656641 0.538194 0.007031 0.018056
1 0.805469 0.538889 0.007812 0.019444
0 0.683203 0.530556 0.005469 0.016667
0 0.077344 0.544444 0.007812 0.019444
1 0.218750 0.531944 0.006250 0.016667
0 0.778516 0.532639 0.007031 0.018056
1 0.314453 0.530556 0.005469 0.013889
2 0.530078 0.530556 0.005469 0.016667
1 0.721484 0.537500 0.007031 0.016667
