0 0.208594 0.713889 0.048438 0.086111
1 0.775781 0.713889 0.046875 0.086111
0 0.400391 0.598611 0.016406 0.036111
0 0.254688 0.540278 0.007812 0.019444
3 0.378906 0.606250 0.028125 0.076389
1 0.591406 0.598611 0.015625 0.038889
1 0.671484 0.543056 0.007031 0.019444
1 0.741797 0.540972 0.007031 0.018056
0 0.800781 0.535417 0.007812 0.018056
0 0.031250 0.549306 0.009375 0.020833
0 0.325000 0.542361 0.007812 0.018056
0 0.162109 0.543056 0.008594 0.019444
1 0.050781 0.540972 0.007812 0.018056
0 0.696484 0.533333 0.007031 0.016667
3 0.611719 0.604167 0.025000 0.077778
2 0.464844 0.534722 0.006250 0.016667
0 0.378906 0.550000 0.009375 0.022222
0 0.946094 0.542361 0.009375 0.018056
1 0.964453 0.550000 0.011719 0.022222
