0 0.158203 0.750694 0.060156 0.104167
1 0.823047 0.751389 0.058594 0.102778
3 0.366797 0.614583 0.027344 0.087500
0 0.393750 0.606944 0.017188 0.041667
0 0.319531 0.543750 0.007812 0.018056
0 0.373828 0.550694 0.008594 0.020833
1 0.676953 0.544444 0.007031 0.019444
0 0.151562 0.544444 0.009375 0.019444
0 0.247656 0.541667 0.007812 0.019444
1 0.598047 0.604861 0.017969 0.043056
1 0.844922 0.543750 0.008594 0.020833
0 0.701172 0.534028 0.007031 0.018056
0 0.014453 0.551389 0.011719 0.022222
0 0.807422 0.536111 0.007031 0.016667
1 0.622266 0.551389 0.008594 0.022222
2 0.532813 0.535417 0.006250 0.015278
0 0.617578 0.536806 0.007031 0.018056
1 0.037891 0.542361 0.010156 0.018056
1 0.296094 0.533333 0.006250 0.016667
0 0.959375 0.543056 0.010937 0.019444
