0 0.155859 0.752778 0.061719 0.105556
1 0.825000 0.751389 0.059375 0.102778
0 0.392969 0.606944 0.017188 0.041667
3 0.366406 0.614583 0.028125 0.087500
0 0.319531 0.544444 0.007812 0.019444
0 0.373437 0.551389 0.009375 0.022222
1 0.677344 0.544444 0.007812 0.019444
0 0.151172 0.544444 0.008594 0.019444
0 0.013672 0.551389 0.011719 0.022222
0 0.247266 0.541667 0.008594 0.019444
0 0.701953 0.534028 0.007031 0.018056
1 0.622656 0.550694 0.009375 0.023611
1 0.598828 0.604861 0.017969 0.043056
0 0.807813 0.536111 0.007812 0.016667
1 0.845313 0.544444 0.009375 0.019444
1 0.189062 0.536111 0.007812 0.016667
1 0.037109 0.541667 0.010156 0.019444
1 0.295312 0.534028 0.006250 0.015278
0 0.959766 0.543056 0.010156 0.019444
0 0.617578 0.537500 0.007031 0.019444
1 0.379688 0.535417 0.006250 0.015278
