1 0.918359 0.827083 0.086719 0.137500
0 0.057422 0.827778 0.091406 0.136111
1 0.609375 0.617361 0.018750 0.043056
3 0.348828 0.631250 0.032031 0.101389
0 0.382031 0.617361 0.020313 0.045833
3 0.639844 0.631250 0.031250 0.098611
0 0.312109 0.545833 0.008594 0.019444
1 0.684375 0.545833 0.007812 0.019444
0 0.367969 0.553472 0.009375 0.023611
0 0.136719 0.545833 0.009375 0.022222
1 0.628125 0.554167 0.009375 0.022222
0 0.237500 0.544444 0.007812 0.019444
1 0.178516 0.536806 0.007031 0.018056
0 0.818750 0.536111 0.007812 0.019444
0 0.707812 0.534722 0.006250 0.016667
1 0.759375 0.543750 0.007812 0.020833
0 0.621094 0.536111 0.006250 0.016667
1 0.375781 0.537500 0.006250 0.016667
2 0.462891 0.536111 0.005469 0.016667
1 0.859766 0.546528 0.008594 0.020833
