1 0.919531 0.828472 0.087500 0.137500
0 0.055469 0.828472 0.090625 0.137500
1 0.609375 0.616667 0.018750 0.044444
3 0.348828 0.631250 0.032031 0.101389
0 0.382031 0.617361 0.020313 0.045833
3 0.640234 0.631250 0.032031 0.098611
0 0.312109 0.545833 0.008594 0.019444
1 0.684375 0.545833 0.007812 0.019444
0 0.367969 0.554167 0.009375 0.022222
0 0.136719 0.545833 0.009375 0.022222
1 0.628125 0.554167 0.009375 0.022222
0 0.237500 0.544444 0.007812 0.019444
1 0.178516 0.536806 0.007031 0.018056
0 0.707812 0.534722 0.006250 0.016667
0 0.818750 0.536806 0.007812 0.018056
1 0.759375 0.543750 0.007812 0.020833
0 0.621484 0.536806 0.007031 0.018056
1 0.375781 0.537500 0.006250 0.016667
2 0.462891 0.536111 0.005469 0.016667
1 0.859766 0.546528 0.008594 0.020833
