3 0.319922 0.656250 0.039844 0.118056
0 0.364844 0.634722 0.023438 0.052778
1 0.694141 0.547917 0.008594 0.020833
0 0.359766 0.557639 0.010156 0.023611
0 0.224609 0.545139 0.008594 0.020833
1 0.625391 0.633333 0.025781 0.052778
1 0.635938 0.556250 0.010937 0.023611
0 0.302344 0.547917 0.009375 0.020833
0 0.716016 0.535417 0.007031 0.018056
0 0.117969 0.548611 0.009375 0.022222
1 0.280469 0.536111 0.006250 0.016667
1 0.772266 0.545833 0.008594 0.019444
1 0.165234 0.538194 0.007031 0.018056
0 0.831641 0.538889 0.008594 0.019444
1 0.402734 0.540972 0.007031 0.018056
2 0.460938 0.536806 0.006250 0.018056
2 0.535937 0.536806 0.006250 0.018056
0 0.593750 0.540278 0.006250 0.016667
0 0.626563 0.538889 0.007812 0.019444
1 0.370703 0.538889 0.007031 0.016667
3 0.666016 0.657639 0.039844 0.115278
