3 0.319922 0.656250 0.039844 0.118056
0 0.364844 0.634722 0.023438 0.052778
1 0.694141 0.547917 0.008594 0.020833
1 0.625391 0.634028 0.025781 0.051389
0 0.359766 0.557639 0.010156 0.023611
0 0.224609 0.545139 0.008594 0.020833
1 0.636328 0.556250 0.010156 0.023611
0 0.302344 0.547917 0.009375 0.020833
0 0.716016 0.535417 0.007031 0.018056
0 0.117969 0.548611 0.009375 0.022222
1 0.164844 0.538194 0.007812 0.018056
1 0.280469 0.536111 0.006250 0.016667
1 0.772266 0.545833 0.008594 0.019444
0 0.831641 0.538889 0.008594 0.019444
1 0.402734 0.540972 0.007031 0.018056
0 0.594141 0.540278 0.007031 0.016667
2 0.460938 0.536806 0.006250 0.018056
2 0.535937 0.536806 0.006250 0.018056
0 0.626563 0.538889 0.007812 0.019444
1 0.370703 0.538889 0.007031 0.016667
3 0.666797 0.659722 0.039844 0.111111
2 0.666797 0.659028 0.039844 0.106944
