3 0.267969 0.703472 0.057813 0.159722
3 0.714063 0.702778 0.056250 0.158333
1 0.650781 0.661111 0.031250 0.063889
0 0.337500 0.662500 0.031250 0.063889
0 0.348438 0.561111 0.010937 0.025000
0 0.289453 0.551389 0.010156 0.022222
1 0.646484 0.561806 0.010156 0.026389
0 0.207813 0.549306 0.009375 0.020833
1 0.707031 0.551389 0.009375 0.022222
0 0.726953 0.538194 0.007031 0.018056
1 0.789062 0.547917 0.009375 0.020833
0 0.093359 0.550694 0.010156 0.023611
1 0.364453 0.540278 0.007031 0.016667
1 0.269922 0.538194 0.007031 0.018056
0 0.633203 0.540278 0.007031 0.016667
2 0.537891 0.538889 0.005469 0.016667
0 0.598828 0.543056 0.007031 0.019444
2 0.458984 0.538889 0.005469 0.016667
1 0.397656 0.543056 0.007812 0.019444
1 0.148047 0.540278 0.008594 0.019444
0 0.849219 0.539583 0.009375 0.020833
