3 0.267969 0.702778 0.057813 0.158333
3 0.713672 0.702083 0.055469 0.156944
1 0.650391 0.661111 0.032031 0.063889
0 0.337500 0.662500 0.031250 0.063889
0 0.348438 0.561111 0.010937 0.025000
0 0.289453 0.550694 0.008594 0.020833
1 0.646484 0.561806 0.010156 0.026389
0 0.207813 0.549306 0.009375 0.020833
1 0.706641 0.551389 0.008594 0.022222
0 0.726953 0.538194 0.007031 0.018056
1 0.789062 0.547917 0.009375 0.020833
0 0.093359 0.550694 0.010156 0.023611
1 0.364453 0.540278 0.007031 0.016667
1 0.270313 0.538194 0.007812 0.018056
0 0.633203 0.540278 0.007031 0.016667
2 0.537500 0.538889 0.006250 0.016667
0 0.598828 0.543750 0.007031 0.018056
3 0.615625 0.609028 0.026562 0.079167
2 0.458984 0.539583 0.005469 0.015278
1 0.397656 0.543750 0.007812 0.018056
1 0.148047 0.540278 0.008594 0.019444
0 0.849219 0.540278 0.009375 0.019444
