3 0.268750 0.702778 0.057813 0.158333
1 0.650000 0.661111 0.031250 0.063889
0 0.337500 0.661806 0.031250 0.062500
3 0.713281 0.702083 0.056250 0.156944
0 0.348438 0.561111 0.010937 0.025000
0 0.289453 0.551389 0.010156 0.022222
1 0.646094 0.561806 0.010937 0.026389
0 0.207813 0.549306 0.009375 0.020833
1 0.706641 0.551389 0.008594 0.022222
3 0.615625 0.609028 0.026562 0.079167
0 0.726953 0.538194 0.007031 0.018056
1 0.789062 0.548611 0.009375 0.022222
0 0.093359 0.551389 0.010156 0.022222
1 0.364453 0.540278 0.007031 0.016667
1 0.269922 0.538194 0.007031 0.018056
0 0.633203 0.540278 0.007031 0.016667
2 0.537500 0.539583 0.006250 0.018056
0 0.598828 0.543750 0.007031 0.018056
1 0.397656 0.543056 0.007812 0.019444
2 0.458984 0.539583 0.005469 0.015278
0 0.848828 0.540278 0.008594 0.019444
1 0.148438 0.540278 0.007812 0.019444
