3 0.755469 0.744444 0.070312 0.194444
3 0.222656 0.745139 0.070312 0.190278
0 0.316406 0.683333 0.035937 0.072222
1 0.669922 0.684028 0.036719 0.073611
0 0.341016 0.564583 0.011719 0.026389
0 0.281641 0.554167 0.008594 0.022222
1 0.653125 0.565278 0.010937 0.025000
1 0.799219 0.550694 0.009375 0.023611
0 0.732812 0.538889 0.007812 0.019444
1 0.714844 0.553472 0.009375 0.023611
0 0.196875 0.551389 0.009375 0.022222
0 0.602344 0.545139 0.007812 0.018056
1 0.394141 0.543750 0.007031 0.018056
2 0.539062 0.541667 0.006250 0.016667
0 0.077344 0.554861 0.012500 0.023611
2 0.457813 0.540972 0.006250 0.018056
0 0.636719 0.542361 0.007812 0.018056
1 0.263672 0.538889 0.007031 0.016667
1 0.617578 0.592361 0.013281 0.034722
1 0.360156 0.541667 0.007812 0.016667
0 0.858984 0.543056 0.008594 0.016667
2 0.362891 0.620139 0.028906 0.084722
