3 0.754687 0.743750 0.070312 0.193056
3 0.223828 0.744444 0.069531 0.188889
0 0.317188 0.682639 0.035937 0.073611
1 0.669531 0.684028 0.035937 0.073611
0 0.341406 0.564583 0.010937 0.026389
0 0.281641 0.554167 0.008594 0.022222
1 0.652734 0.564583 0.010156 0.023611
1 0.714844 0.553472 0.009375 0.023611
0 0.732812 0.538889 0.007812 0.019444
1 0.799219 0.550694 0.009375 0.023611
0 0.196875 0.551389 0.009375 0.022222
0 0.602344 0.545139 0.007812 0.018056
1 0.394531 0.543750 0.007812 0.018056
2 0.539062 0.541667 0.006250 0.016667
0 0.077734 0.554861 0.011719 0.023611
2 0.457813 0.540972 0.006250 0.018056
0 0.636719 0.542361 0.007812 0.018056
1 0.264062 0.538194 0.007812 0.018056
1 0.617578 0.591667 0.013281 0.036111
1 0.360547 0.541667 0.007031 0.016667
