3 0.755859 0.745139 0.069531 0.195833
3 0.221875 0.745833 0.070312 0.191667
0 0.316016 0.683333 0.035156 0.072222
1 0.669922 0.684722 0.036719 0.075000
0 0.341016 0.564583 0.011719 0.026389
0 0.281250 0.554167 0.009375 0.022222
1 0.653125 0.565278 0.010937 0.025000
0 0.732812 0.538889 0.007812 0.019444
1 0.799609 0.550694 0.010156 0.023611
1 0.714844 0.553472 0.009375 0.023611
0 0.196875 0.550694 0.009375 0.023611
0 0.602344 0.545139 0.007812 0.018056
1 0.394141 0.544444 0.007031 0.016667
2 0.539062 0.541667 0.006250 0.016667
0 0.077344 0.554861 0.012500 0.023611
2 0.457813 0.540972 0.006250 0.018056
1 0.617969 0.592361 0.014063 0.034722
0 0.636719 0.542361 0.007812 0.018056
1 0.263672 0.538889 0.007031 0.016667
1 0.360156 0.541667 0.007812 0.016667
2 0.362500 0.620139 0.029687 0.084722
0 0.859375 0.543056 0.009375 0.016667
