0 0.244922 0.756944 0.055469 0.105556
1 0.735938 0.756944 0.054688 0.105556
3 0.048047 0.877083 0.096094 0.245833
3 0.924219 0.877778 0.110937 0.244444
3 0.326172 0.650694 0.038281 0.112500
1 0.639453 0.606250 0.019531 0.043056
0 0.351953 0.606944 0.021094 0.041667
3 0.660156 0.650694 0.039062 0.115278
0 0.261328 0.559028 0.011719 0.026389
0 0.609766 0.547917 0.008594 0.020833
1 0.670703 0.571528 0.013281 0.029167
0 0.323828 0.571528 0.013281 0.029167
1 0.733594 0.559028 0.010937 0.026389
1 0.386328 0.547917 0.008594 0.020833
0 0.171094 0.555556 0.010937 0.025000
0 0.039453 0.560417 0.013281 0.023611
0 0.646094 0.544444 0.007812 0.019444
0 0.748047 0.541667 0.008594 0.019444
2 0.455078 0.543056 0.007031 0.019444
1 0.956641 0.559028 0.014844 0.023611
1 0.824609 0.556250 0.010156 0.023611
2 0.541797 0.543750 0.007031 0.018056
1 0.350391 0.544444 0.008594 0.019444
1 0.112109 0.545139 0.008594 0.018056
