0 0.245312 0.755556 0.054688 0.102778
3 0.921875 0.876389 0.109375 0.247222
1 0.735547 0.756250 0.053906 0.104167
3 0.049219 0.877083 0.096875 0.245833
3 0.326562 0.649306 0.037500 0.112500
1 0.639062 0.605556 0.018750 0.041667
0 0.351953 0.606944 0.021094 0.041667
0 0.261328 0.559028 0.011719 0.026389
1 0.670312 0.571528 0.012500 0.029167
0 0.609766 0.547917 0.008594 0.020833
0 0.324219 0.571528 0.014063 0.031944
1 0.733594 0.559028 0.010937 0.026389
3 0.659766 0.650694 0.039844 0.115278
1 0.386328 0.547917 0.008594 0.020833
0 0.039844 0.559722 0.012500 0.022222
0 0.646094 0.545139 0.007812 0.018056
0 0.748047 0.541667 0.008594 0.019444
0 0.171484 0.556250 0.011719 0.023611
2 0.455078 0.543056 0.007031 0.019444
2 0.541016 0.543750 0.007031 0.018056
1 0.824219 0.556250 0.010937 0.023611
1 0.955859 0.559028 0.014844 0.023611
1 0.350391 0.544444 0.008594 0.019444
