1 0.776953 0.802083 0.067969 0.126389
3 0.307031 0.669444 0.045312 0.127778
0 0.199219 0.803472 0.067187 0.126389
0 0.342187 0.615278 0.020313 0.044444
1 0.649219 0.613889 0.021875 0.044444
1 0.973047 0.561111 0.016406 0.025000
1 0.835547 0.557639 0.013281 0.023611
0 0.316406 0.575694 0.014063 0.029167
0 0.023047 0.561111 0.014844 0.025000
1 0.677344 0.575000 0.012500 0.027778
1 0.742578 0.560417 0.011719 0.026389
0 0.253125 0.560417 0.010937 0.026389
1 0.383203 0.549306 0.008594 0.020833
0 0.612891 0.549306 0.008594 0.020833
0 0.650391 0.546528 0.008594 0.020833
0 0.160547 0.557639 0.011719 0.023611
3 0.678125 0.668056 0.045312 0.130556
1 0.346094 0.545833 0.007812 0.019444
2 0.542578 0.545139 0.007031 0.020833
0 0.894922 0.546528 0.010156 0.020833
0 0.754687 0.543750 0.009375 0.020833
2 0.453906 0.545139 0.007812 0.020833
1 0.101562 0.546528 0.010937 0.020833
