1 0.885156 0.927778 0.082812 0.144444
1 0.662500 0.631250 0.025000 0.051389
0 0.047266 0.934722 0.085156 0.125000
3 0.238672 0.722222 0.063281 0.172222
0 0.308594 0.634028 0.026562 0.051389
2 0.717578 0.716667 0.060156 0.166667
1 0.685547 0.581944 0.016406 0.030556
0 0.289062 0.583333 0.015625 0.033333
1 0.368359 0.552778 0.008594 0.022222
2 0.444141 0.547917 0.007031 0.020833
0 0.612109 0.552083 0.008594 0.020833
0 0.121484 0.562500 0.013281 0.025000
0 0.650391 0.549306 0.008594 0.020833
1 0.845703 0.560417 0.013281 0.023611
0 0.223438 0.565972 0.012500 0.029167
1 0.328906 0.549306 0.009375 0.020833
0 0.901563 0.548611 0.010937 0.022222
2 0.538281 0.547917 0.007812 0.020833
1 0.987500 0.563194 0.015625 0.026389
0 0.757422 0.545833 0.008594 0.022222
