1 0.885156 0.928472 0.082812 0.143056
1 0.662500 0.631250 0.025000 0.051389
0 0.046875 0.934028 0.085938 0.123611
2 0.717578 0.716667 0.060156 0.166667
0 0.308594 0.634028 0.026562 0.051389
3 0.238281 0.722917 0.064062 0.173611
1 0.685547 0.581944 0.016406 0.030556
0 0.288672 0.583333 0.016406 0.033333
1 0.368359 0.552778 0.008594 0.022222
0 0.612109 0.552083 0.008594 0.020833
2 0.443750 0.547917 0.007812 0.020833
0 0.121094 0.562500 0.014063 0.025000
0 0.650391 0.549306 0.008594 0.020833
0 0.223047 0.565972 0.013281 0.029167
1 0.845703 0.560417 0.013281 0.023611
1 0.328516 0.549306 0.008594 0.020833
0 0.901172 0.547917 0.010156 0.020833
2 0.538281 0.547917 0.007812 0.020833
1 0.987500 0.563194 0.015625 0.026389
0 0.757422 0.545139 0.008594 0.020833
