0 0.246875 0.660417 0.034375 0.062500
3 0.100000 0.818056 0.107813 0.255556
1 0.657422 0.645833 0.030469 0.058333
3 0.743750 0.762500 0.071875 0.188889
0 0.238281 0.593750 0.020313 0.037500
1 0.335938 0.556944 0.009375 0.022222
1 0.960938 0.563194 0.017188 0.026389
1 0.673438 0.585417 0.017188 0.031944
1 0.292969 0.552778 0.009375 0.022222
0 0.633594 0.550000 0.009375 0.022222
1 0.826562 0.560417 0.012500 0.023611
0 0.166406 0.573611 0.017188 0.033333
0 0.594922 0.554167 0.010156 0.022222
0 0.874609 0.547222 0.010156 0.019444
0 0.046484 0.572222 0.017969 0.027778
2 0.517969 0.550000 0.007812 0.022222
2 0.419141 0.551389 0.008594 0.022222
1 0.735547 0.564583 0.014844 0.034722
