3 0.098437 0.820139 0.107813 0.256944
0 0.246484 0.660417 0.035156 0.062500
1 0.657422 0.645833 0.030469 0.058333
3 0.744141 0.761806 0.072656 0.190278
0 0.237891 0.594444 0.021094 0.036111
1 0.335547 0.556944 0.010156 0.022222
1 0.960547 0.563194 0.017969 0.026389
1 0.673438 0.586111 0.017188 0.033333
1 0.292969 0.552778 0.009375 0.022222
0 0.633594 0.550000 0.009375 0.022222
0 0.165625 0.573611 0.015625 0.033333
1 0.826172 0.561111 0.013281 0.025000
0 0.594922 0.554167 0.010156 0.022222
2 0.517969 0.550000 0.007812 0.022222
0 0.874609 0.547222 0.010156 0.019444
2 0.419141 0.551389 0.008594 0.022222
0 0.046094 0.572222 0.017188 0.027778
1 0.735156 0.564583 0.014063 0.034722
