0 0.198437 0.681944 0.040625 0.072222
1 0.655469 0.657639 0.032813 0.062500
0 0.202734 0.602778 0.022656 0.038889
1 0.666797 0.589583 0.017969 0.034722
1 0.314844 0.559722 0.010937 0.025000
0 0.584766 0.555556 0.010156 0.022222
3 0.784766 0.825000 0.074219 0.266667
1 0.269531 0.556944 0.010937 0.022222
0 0.623437 0.551389 0.009375 0.022222
1 0.816016 0.561111 0.013281 0.025000
1 0.946094 0.562500 0.017188 0.025000
0 0.126172 0.580556 0.017969 0.033333
2 0.403516 0.552083 0.008594 0.023611
0 0.860156 0.547222 0.009375 0.019444
2 0.506641 0.552083 0.008594 0.020833
1 0.726562 0.566667 0.014063 0.030556
2 0.422656 0.534722 0.006250 0.016667
