0 0.198828 0.681250 0.041406 0.070833
1 0.655859 0.656944 0.032031 0.061111
0 0.202734 0.602778 0.022656 0.038889
1 0.666406 0.589583 0.017188 0.034722
1 0.314844 0.560417 0.010937 0.023611
0 0.584766 0.556250 0.010156 0.023611
1 0.269922 0.556944 0.010156 0.022222
3 0.784375 0.824306 0.073438 0.265278
1 0.946094 0.562500 0.017188 0.025000
0 0.623437 0.551389 0.009375 0.022222
1 0.816016 0.560417 0.013281 0.023611
0 0.126562 0.580556 0.018750 0.033333
2 0.403906 0.552083 0.009375 0.023611
0 0.860156 0.547222 0.009375 0.019444
2 0.506641 0.551389 0.008594 0.022222
1 0.726562 0.567361 0.014063 0.029167
2 0.423047 0.535417 0.005469 0.018056
