0 0.198047 0.681944 0.041406 0.072222
1 0.655078 0.657639 0.032031 0.062500
0 0.201953 0.602778 0.022656 0.038889
1 0.666406 0.589583 0.017188 0.034722
1 0.314453 0.560417 0.010156 0.023611
1 0.269141 0.556944 0.010156 0.022222
0 0.584766 0.555556 0.010156 0.022222
3 0.785937 0.826389 0.073438 0.266667
1 0.815625 0.561111 0.012500 0.025000
1 0.945703 0.562500 0.017969 0.025000
0 0.623437 0.551389 0.009375 0.022222
0 0.125391 0.580556 0.017969 0.033333
2 0.403516 0.552083 0.008594 0.023611
0 0.859766 0.547222 0.010156 0.019444
2 0.506641 0.551389 0.008594 0.022222
1 0.726562 0.566667 0.014063 0.030556
2 0.422656 0.534722 0.006250 0.016667
