0 0.090625 0.630556 0.034375 0.050000
0 0.029297 0.765972 0.057031 0.106944
1 0.654297 0.691667 0.038281 0.077778
1 0.651172 0.597917 0.017969 0.037500
1 0.257422 0.569444 0.013281 0.027778
0 0.560547 0.559028 0.010156 0.023611
1 0.032422 0.563889 0.017969 0.025000
1 0.203516 0.565278 0.013281 0.027778
1 0.791797 0.561111 0.013281 0.025000
0 0.600391 0.554167 0.010156 0.022222
0 0.008203 0.600000 0.016406 0.038889
2 0.477344 0.555556 0.009375 0.025000
1 0.708203 0.569444 0.014844 0.030556
2 0.363672 0.559028 0.008594 0.023611
0 0.827734 0.546528 0.010156 0.020833
2 0.388281 0.537500 0.006250 0.016667
1 0.912500 0.561806 0.012500 0.026389
