0 0.091016 0.630556 0.033594 0.050000
0 0.029687 0.764583 0.057813 0.106944
1 0.653906 0.691667 0.039062 0.077778
1 0.651563 0.597917 0.018750 0.037500
1 0.257812 0.568750 0.012500 0.026389
1 0.032813 0.564583 0.017188 0.023611
0 0.560937 0.559722 0.010937 0.025000
1 0.203906 0.565278 0.014063 0.027778
1 0.792188 0.561806 0.012500 0.026389
0 0.008594 0.600694 0.017188 0.037500
0 0.600391 0.554167 0.010156 0.022222
0 0.827734 0.546528 0.010156 0.020833
2 0.477344 0.555556 0.009375 0.025000
1 0.708203 0.569444 0.014844 0.030556
2 0.364063 0.559028 0.009375 0.023611
2 0.388672 0.537500 0.005469 0.016667
1 0.912891 0.561806 0.013281 0.026389
