0 0.028516 0.766667 0.055469 0.108333
0 0.089063 0.630556 0.034375 0.050000
1 0.654297 0.693056 0.038281 0.077778
1 0.651172 0.597917 0.017969 0.037500
1 0.257422 0.569444 0.013281 0.027778
0 0.560547 0.559722 0.010156 0.025000
1 0.031641 0.563889 0.017969 0.025000
1 0.202344 0.565972 0.014063 0.026389
0 0.600000 0.554167 0.009375 0.022222
1 0.791797 0.561111 0.013281 0.025000
2 0.363281 0.559028 0.009375 0.023611
2 0.476953 0.555556 0.008594 0.025000
1 0.707812 0.569444 0.014063 0.030556
0 0.827344 0.546528 0.009375 0.020833
0 0.007812 0.599306 0.015625 0.043056
1 0.912109 0.561806 0.013281 0.026389
2 0.388281 0.537500 0.006250 0.016667
