1 0.657422 0.731250 0.046094 0.095833
1 0.641406 0.603472 0.020313 0.040278
1 0.207031 0.577083 0.015625 0.029167
1 0.695312 0.572222 0.014063 0.030556
0 0.542969 0.561111 0.010937 0.025000
2 0.330078 0.563194 0.010156 0.026389
1 0.145313 0.573611 0.017188 0.027778
0 0.805859 0.545833 0.010156 0.022222
0 0.583203 0.555556 0.010156 0.022222
1 0.890625 0.561806 0.015625 0.026389
2 0.454688 0.559722 0.009375 0.025000
1 0.775781 0.562500 0.014063 0.027778
0 0.980859 0.552083 0.013281 0.023611
0 0.684766 0.546528 0.008594 0.020833
2 0.360938 0.539583 0.006250 0.018056
