1 0.657813 0.731944 0.045312 0.094444
1 0.641406 0.603472 0.020313 0.040278
1 0.206250 0.577083 0.015625 0.029167
1 0.695312 0.572222 0.014063 0.030556
0 0.542969 0.561111 0.010937 0.025000
1 0.144531 0.572917 0.017188 0.029167
2 0.330078 0.563194 0.010156 0.026389
1 0.890625 0.561806 0.015625 0.026389
0 0.805078 0.546528 0.010156 0.020833
0 0.583203 0.555556 0.010156 0.022222
2 0.454688 0.559722 0.009375 0.025000
1 0.775781 0.562500 0.014063 0.027778
0 0.980469 0.552083 0.012500 0.023611
0 0.684766 0.546528 0.008594 0.020833
2 0.360938 0.539583 0.006250 0.018056
