1 0.664453 0.827778 0.041406 0.138889
1 0.626563 0.618750 0.021875 0.045833
1 0.110547 0.593750 0.024219 0.037500
1 0.675781 0.579167 0.014063 0.030556
1 0.031641 0.589583 0.025781 0.034722
0 0.515625 0.568056 0.010937 0.025000
1 0.861719 0.561806 0.014063 0.026389
2 0.272266 0.574306 0.013281 0.029167
0 0.558203 0.559028 0.010156 0.023611
1 0.753906 0.564583 0.014063 0.026389
0 0.776563 0.546528 0.009375 0.020833
0 0.660156 0.547917 0.009375 0.020833
0 0.936719 0.551389 0.010937 0.022222
2 0.418750 0.565278 0.009375 0.025000
2 0.316797 0.543056 0.007031 0.019444
