1 0.664062 0.829861 0.040625 0.140278
1 0.626563 0.618750 0.021875 0.045833
1 0.109375 0.593750 0.025000 0.037500
1 0.675781 0.579167 0.014063 0.030556
0 0.515625 0.568750 0.010937 0.026389
1 0.030078 0.589583 0.025781 0.034722
1 0.861719 0.561806 0.014063 0.026389
2 0.271875 0.574306 0.012500 0.029167
0 0.558203 0.559028 0.010156 0.023611
1 0.753516 0.564583 0.013281 0.026389
0 0.776172 0.546528 0.010156 0.020833
0 0.936719 0.551389 0.010937 0.022222
0 0.660156 0.547917 0.009375 0.020833
2 0.418750 0.565972 0.009375 0.026389
2 0.316797 0.543750 0.007031 0.020833
2 0.335547 0.531250 0.005469 0.015278
