2 0.696484 0.720833 0.042969 0.086111
2 0.286328 0.720833 0.041406 0.086111
0 0.956641 0.579861 0.021094 0.031944
1 0.350781 0.565972 0.010937 0.026389
2 0.428125 0.573611 0.010937 0.027778
0 0.725000 0.572222 0.014063 0.027778
1 0.269141 0.572222 0.013281 0.027778
0 0.644531 0.565972 0.010937 0.026389
2 0.566797 0.574306 0.011719 0.029167
0 0.176953 0.556250 0.010156 0.023611
1 0.037500 0.581250 0.020313 0.029167
0 0.291797 0.553472 0.008594 0.020833
0 0.988672 0.540278 0.010156 0.019444
1 0.819531 0.556250 0.010937 0.023611
0 0.081250 0.545833 0.009375 0.019444
0 0.391406 0.545833 0.007812 0.019444
1 0.605469 0.545833 0.007812 0.019444
0 0.448828 0.537500 0.007031 0.019444
1 0.548047 0.537500 0.007031 0.019444
1 0.704297 0.553472 0.010156 0.020833
1 0.915234 0.545833 0.011719 0.019444
0 0.165234 0.531250 0.007031 0.015278
