1 0.611719 0.640278 0.026562 0.052778
1 0.657422 0.584722 0.016406 0.033333
1 0.832812 0.561806 0.014063 0.026389
0 0.482812 0.576389 0.012500 0.027778
2 0.372656 0.574306 0.012500 0.029167
0 0.529687 0.565278 0.010937 0.025000
0 0.634375 0.550000 0.009375 0.022222
2 0.187891 0.589583 0.017969 0.034722
1 0.731250 0.568056 0.014063 0.027778
0 0.894141 0.550000 0.010156 0.022222
2 0.258203 0.550000 0.008594 0.022222
1 0.980859 0.567361 0.017969 0.026389
2 0.285938 0.534028 0.006250 0.018056
0 0.745703 0.547222 0.010156 0.022222
