1 0.598437 0.670833 0.032813 0.066667
1 0.640625 0.592361 0.017188 0.034722
1 0.808594 0.563194 0.014063 0.026389
2 0.078125 0.610417 0.029687 0.045833
0 0.501563 0.570833 0.010937 0.025000
0 0.449219 0.585417 0.014063 0.031944
2 0.320703 0.586806 0.013281 0.031944
1 0.946875 0.565972 0.017188 0.026389
0 0.610547 0.552083 0.008594 0.020833
2 0.191797 0.557639 0.010156 0.023611
1 0.711328 0.570139 0.013281 0.029167
0 0.859375 0.550000 0.010937 0.022222
0 0.719922 0.547917 0.008594 0.020833
2 0.275391 0.527778 0.005469 0.013889
