1 0.598437 0.671528 0.032813 0.068056
1 0.640625 0.592361 0.017188 0.034722
2 0.076953 0.610417 0.028906 0.045833
1 0.808203 0.563194 0.013281 0.026389
0 0.501563 0.570833 0.010937 0.025000
0 0.448828 0.585417 0.013281 0.031944
2 0.320312 0.586806 0.012500 0.031944
1 0.946484 0.565972 0.016406 0.026389
0 0.610156 0.552083 0.009375 0.020833
2 0.191406 0.557639 0.010937 0.023611
1 0.711719 0.570139 0.012500 0.029167
0 0.859375 0.550000 0.010937 0.022222
0 0.719922 0.547917 0.008594 0.020833
2 0.275391 0.527778 0.005469 0.013889
