0 0.425781 0.593056 0.015625 0.036111
1 0.630469 0.600000 0.018750 0.038889
2 0.282422 0.595833 0.014844 0.036111
1 0.794531 0.563889 0.014063 0.025000
0 0.483203 0.575000 0.011719 0.027778
1 0.700781 0.571528 0.014063 0.031944
0 0.596094 0.554167 0.009375 0.022222
0 0.839844 0.548611 0.010937 0.022222
2 0.142578 0.562500 0.011719 0.027778
1 0.595313 0.697222 0.029687 0.077778
0 0.705469 0.546528 0.009375 0.020833
2 0.194531 0.540278 0.007812 0.019444
1 0.926953 0.565972 0.014844 0.026389
2 0.287891 0.553472 0.008594 0.023611
2 0.220312 0.530556 0.006250 0.016667
2 0.245312 0.529861 0.006250 0.015278
2 0.269141 0.528472 0.005469 0.015278
