0 0.425781 0.593056 0.015625 0.036111
2 0.282813 0.595139 0.015625 0.037500
1 0.630469 0.599306 0.018750 0.037500
1 0.794531 0.563194 0.014063 0.026389
0 0.483594 0.575000 0.012500 0.027778
1 0.700781 0.571528 0.014063 0.031944
0 0.596484 0.554167 0.010156 0.022222
1 0.595313 0.697222 0.029687 0.077778
0 0.840234 0.547917 0.010156 0.023611
0 0.705469 0.546528 0.009375 0.023611
2 0.143750 0.563194 0.012500 0.026389
1 0.926953 0.565972 0.014844 0.026389
2 0.195312 0.540278 0.007812 0.019444
2 0.288281 0.552778 0.009375 0.025000
2 0.269922 0.528472 0.005469 0.015278
2 0.245703 0.529167 0.005469 0.016667
2 0.220312 0.530556 0.006250 0.016667
