2 0.212500 0.613194 0.020313 0.045833
0 0.387500 0.605556 0.017188 0.038889
0 0.575391 0.557639 0.010156 0.023611
1 0.616797 0.609722 0.019531 0.041667
0 0.454297 0.581944 0.013281 0.030556
1 0.684375 0.576389 0.014063 0.033333
1 0.775391 0.565972 0.013281 0.026389
2 0.053906 0.574306 0.018750 0.029167
0 0.812891 0.548611 0.010156 0.022222
2 0.130469 0.545833 0.009375 0.022222
2 0.235937 0.559722 0.010937 0.025000
2 0.223438 0.531944 0.006250 0.016667
0 0.684375 0.548611 0.009375 0.022222
2 0.165625 0.534028 0.007812 0.018056
