2 0.211719 0.613194 0.020313 0.045833
0 0.386719 0.606250 0.017188 0.040278
0 0.575391 0.557639 0.010156 0.023611
1 0.616797 0.609722 0.019531 0.041667
0 0.454297 0.582639 0.013281 0.031944
1 0.684375 0.576389 0.014063 0.030556
2 0.053125 0.574306 0.018750 0.031944
1 0.775391 0.565972 0.013281 0.026389
0 0.812500 0.548611 0.009375 0.022222
2 0.129688 0.546528 0.009375 0.023611
2 0.235156 0.561111 0.010937 0.025000
2 0.165234 0.534028 0.007031 0.018056
1 0.900781 0.565278 0.014063 0.027778
2 0.194531 0.531944 0.006250 0.016667
2 0.222656 0.531250 0.006250 0.015278
0 0.683984 0.548611 0.008594 0.022222
