0 0.366797 0.613194 0.019531 0.043056
2 0.172656 0.625000 0.025000 0.050000
1 0.609766 0.615278 0.022656 0.044444
0 0.440625 0.588194 0.014063 0.031944
1 0.677734 0.579167 0.014844 0.030556
1 0.889453 0.565972 0.014844 0.026389
1 0.767188 0.566667 0.014063 0.027778
2 0.208594 0.563194 0.010937 0.026389
0 0.801562 0.548611 0.009375 0.022222
0 0.675000 0.548611 0.009375 0.022222
0 0.566016 0.559028 0.010156 0.023611
2 0.008203 0.580556 0.014844 0.033333
0 0.985547 0.555556 0.013281 0.025000
2 0.137500 0.534722 0.007812 0.019444
2 0.095703 0.548611 0.010156 0.022222
2 0.169531 0.534028 0.006250 0.018056
2 0.199609 0.533333 0.007031 0.016667
