0 0.366797 0.613194 0.019531 0.043056
2 0.172656 0.625000 0.025000 0.050000
1 0.609766 0.615972 0.022656 0.045833
0 0.440234 0.588194 0.014844 0.031944
1 0.677734 0.579167 0.014844 0.030556
1 0.889453 0.565972 0.014844 0.026389
1 0.766797 0.566667 0.013281 0.027778
2 0.208594 0.563194 0.010937 0.026389
0 0.801562 0.549306 0.009375 0.020833
0 0.674609 0.548611 0.008594 0.022222
2 0.137109 0.534722 0.007031 0.019444
0 0.565625 0.559028 0.009375 0.023611
0 0.985547 0.555556 0.013281 0.025000
2 0.169141 0.534028 0.007031 0.018056
2 0.095312 0.549306 0.010937 0.023611
2 0.007812 0.579861 0.015625 0.034722
2 0.199609 0.532639 0.007031 0.018056
