0 0.367578 0.613194 0.019531 0.043056
2 0.173828 0.625000 0.024219 0.050000
1 0.609766 0.615278 0.022656 0.044444
0 0.440625 0.588194 0.014063 0.031944
1 0.678125 0.579167 0.015625 0.030556
1 0.889453 0.565972 0.014844 0.026389
1 0.767188 0.566667 0.014063 0.027778
0 0.801953 0.548611 0.010156 0.022222
2 0.208984 0.563889 0.011719 0.025000
0 0.675000 0.548611 0.009375 0.022222
2 0.008203 0.579861 0.014844 0.031944
0 0.566016 0.559028 0.010156 0.023611
0 0.985938 0.555556 0.012500 0.025000
2 0.138281 0.536111 0.007812 0.019444
2 0.096094 0.550000 0.010937 0.022222
