0 0.300000 0.646528 0.025000 0.054167
1 0.593750 0.639583 0.023438 0.051389
0 0.398438 0.604861 0.017188 0.037500
2 0.026172 0.675694 0.042969 0.068056
1 0.660156 0.588889 0.017188 0.033333
1 0.747266 0.572222 0.013281 0.027778
2 0.121094 0.579167 0.017188 0.030556
1 0.862891 0.569444 0.014844 0.027778
0 0.650781 0.552778 0.009375 0.022222
0 0.943359 0.557639 0.011719 0.023611
0 0.540234 0.565972 0.010156 0.026389
0 0.773438 0.550694 0.009375 0.020833
2 0.149219 0.550000 0.009375 0.022222
2 0.163281 0.536806 0.007812 0.018056
2 0.128516 0.538889 0.007031 0.016667
