0 0.300000 0.646528 0.025000 0.054167
1 0.593359 0.639583 0.024219 0.051389
0 0.398047 0.605556 0.017969 0.038889
2 0.025391 0.676389 0.042969 0.066667
1 0.660156 0.588889 0.017188 0.033333
1 0.746484 0.572222 0.013281 0.027778
2 0.120703 0.579167 0.016406 0.030556
1 0.862500 0.569444 0.014063 0.027778
0 0.650781 0.552778 0.009375 0.022222
0 0.539844 0.565972 0.010937 0.026389
0 0.942969 0.557639 0.012500 0.023611
0 0.773438 0.550694 0.009375 0.020833
2 0.148828 0.550000 0.010156 0.022222
2 0.162891 0.536806 0.007031 0.018056
2 0.090234 0.540972 0.008594 0.018056
2 0.128125 0.538889 0.007812 0.016667
