0 0.299219 0.647917 0.025000 0.054167
1 0.593359 0.640278 0.024219 0.052778
0 0.398047 0.605556 0.017969 0.038889
2 0.025391 0.676389 0.041406 0.066667
1 0.660156 0.588889 0.017188 0.033333
1 0.746484 0.572917 0.013281 0.029167
2 0.119922 0.579167 0.016406 0.030556
1 0.862500 0.568750 0.014063 0.026389
0 0.650781 0.553472 0.009375 0.020833
0 0.539844 0.565972 0.010937 0.026389
2 0.148828 0.550000 0.010156 0.022222
0 0.942969 0.557639 0.012500 0.023611
0 0.773047 0.550694 0.010156 0.020833
2 0.162500 0.536806 0.007812 0.018056
2 0.089844 0.540972 0.009375 0.018056
2 0.128125 0.538889 0.007812 0.016667
