0 0.299219 0.647917 0.025000 0.054167
1 0.593359 0.640278 0.024219 0.052778
0 0.397656 0.605556 0.017188 0.038889
2 0.024219 0.676389 0.042188 0.066667
1 0.660156 0.588889 0.017188 0.033333
1 0.746484 0.572222 0.013281 0.027778
2 0.119531 0.579167 0.015625 0.030556
1 0.862500 0.568750 0.014063 0.026389
0 0.650391 0.552778 0.008594 0.022222
0 0.539453 0.565972 0.010156 0.026389
0 0.773047 0.551389 0.010156 0.022222
0 0.942969 0.557639 0.012500 0.023611
2 0.148438 0.550694 0.009375 0.023611
2 0.161719 0.537500 0.007812 0.019444
2 0.089453 0.540972 0.008594 0.018056
2 0.127344 0.538889 0.007812 0.016667
