0 0.266016 0.662500 0.027344 0.061111
0 0.378906 0.612500 0.018750 0.041667
1 0.587109 0.650000 0.025781 0.055556
1 0.653516 0.592361 0.016406 0.034722
1 0.851953 0.569444 0.014844 0.027778
2 0.077344 0.586806 0.018750 0.031944
0 0.528906 0.568056 0.009375 0.025000
1 0.738672 0.572917 0.013281 0.029167
0 0.641406 0.554167 0.009375 0.022222
0 0.762500 0.550694 0.009375 0.020833
0 0.926953 0.556944 0.011719 0.022222
2 0.115625 0.553472 0.010937 0.023611
2 0.006641 0.546528 0.008594 0.020833
2 0.133594 0.539583 0.007812 0.018056
2 0.095703 0.541667 0.008594 0.019444
