0 0.265625 0.663194 0.028125 0.062500
1 0.587109 0.650694 0.025781 0.056944
0 0.378516 0.612500 0.019531 0.041667
1 0.653516 0.591667 0.016406 0.033333
1 0.851953 0.569444 0.014844 0.027778
2 0.076563 0.586806 0.017188 0.034722
1 0.738672 0.572917 0.013281 0.029167
0 0.528906 0.568056 0.009375 0.025000
0 0.641406 0.554167 0.009375 0.022222
0 0.762500 0.550694 0.009375 0.020833
0 0.926953 0.556250 0.011719 0.023611
2 0.115234 0.553472 0.010156 0.023611
2 0.006641 0.546528 0.008594 0.020833
2 0.094922 0.541667 0.008594 0.019444
2 0.052344 0.543750 0.009375 0.020833
2 0.132812 0.539583 0.007812 0.018056
