0 0.205078 0.691667 0.035156 0.075000
0 0.347656 0.625000 0.021875 0.044444
1 0.644141 0.596528 0.016406 0.034722
1 0.839063 0.570139 0.014063 0.029167
1 0.728125 0.575694 0.012500 0.029167
0 0.513672 0.571528 0.010156 0.026389
1 0.580469 0.668750 0.021875 0.065278
0 0.748047 0.551389 0.010156 0.022222
0 0.906641 0.555556 0.011719 0.022222
0 0.628125 0.555556 0.009375 0.022222
2 0.008984 0.597917 0.016406 0.037500
2 0.060937 0.559722 0.012500 0.025000
2 0.042969 0.545833 0.009375 0.019444
2 0.086328 0.543056 0.008594 0.019444
